Y	X
  6.4228502e+004  2.7893200e+004
  7.3908005e+004  2.6662400e+004
  4.7170498e+004  2.5120700e+004
  3.2998077e+004  2.3197700e+004
  3.7705251e+004  2.1664100e+004
  4.1725557e+004  2.0652000e+004
  3.8829101e+004  1.9793300e+004
  3.4739352e+004  1.9018800e+004
  3.4157462e+004  1.8584900e+004
  3.4645304e+004  1.8002700e+004
  4.0007649e+004  2.0380100e+004
  4.3064224e+004  2.1320300e+004
  4.5317483e+004  2.2783900e+004
  4.5791024e+004  2.3561600e+004
  4.5773198e+004  2.3720600e+004
  4.2755547e+004  2.2674300e+004
  4.2155424e+004  2.2473800e+004
  4.5285495e+004  2.3552700e+004
  5.3350867e+004  2.6552700e+004
  5.7453941e+004  2.8223100e+004
  5.7485949e+004  2.9201700e+004
  5.7083595e+004  2.9901800e+004
  5.5702336e+004  2.9163900e+004
  5.4894467e+004  2.9060300e+004
  5.1877002e+004  2.7421400e+004
  4.4764628e+004  2.4487200e+004
  4.1416172e+004  2.3174800e+004
  4.1108847e+004  2.2015800e+004
  4.0210783e+004  2.1092200e+004
  4.1488579e+004  2.1772900e+004
  4.9245941e+004  2.4673000e+004
  5.8259817e+004  2.8306900e+004
  6.4796913e+004  3.1675300e+004
  6.8284362e+004  3.4218800e+004
  7.0830797e+004  3.6053100e+004
  7.0593415e+004  3.6520700e+004
  6.9596127e+004  3.6402700e+004
  6.7235759e+004  3.5438000e+004
  6.3533171e+004  3.3862500e+004
  6.3827512e+004  3.3947400e+004
  6.6338826e+004  3.4336800e+004
  6.9298547e+004  3.5505000e+004
  7.5524122e+004  3.8330900e+004
  7.5857826e+004  3.8473600e+004
  7.1945741e+004  3.7864000e+004
  6.9422989e+004  3.6973500e+004
  6.5599192e+004  3.5118100e+004
  6.5213902e+004  3.4611900e+004
  5.8707094e+004  3.1403800e+004
  5.1194744e+004  2.8399500e+004
  4.8118556e+004  2.6703800e+004
  4.7683161e+004  2.5556900e+004
  4.7886205e+004  2.4856500e+004
  4.6755840e+004  2.4658100e+004
  5.2407533e+004  2.6912600e+004
  6.0654535e+004  2.9956300e+004
  6.8241962e+004  3.3573200e+004
  7.0281292e+004  3.5039500e+004
  7.4156024e+004  3.8049000e+004
  7.3291753e+004  3.7639300e+004
  7.0586621e+004  3.7295200e+004
  6.8392232e+004  3.6294800e+004
  6.4881775e+004  3.4528300e+004
  6.4910110e+004  3.4462400e+004
  6.6896064e+004  3.4782500e+004
  7.0148771e+004  3.5971700e+004
  7.6187544e+004  3.8650400e+004
  7.6444565e+004  3.8807900e+004
  7.2578295e+004  3.8145300e+004
  6.9603587e+004  3.7291000e+004
  6.6397193e+004  3.5378200e+004
  6.5943946e+004  3.4998500e+004
  6.0036677e+004  3.1922300e+004
  5.2305189e+004  2.8999300e+004
  4.8758197e+004  2.6976500e+004
  4.7368341e+004  2.5563700e+004
  4.7462149e+004  2.4971500e+004
  4.8285159e+004  2.5092700e+004
  5.2446053e+004  2.6973800e+004
  5.9520733e+004  2.9647700e+004
  6.8894356e+004  3.3934800e+004
  7.3021368e+004  3.6026100e+004
  7.2377690e+004  3.7111100e+004
  7.1158099e+004  3.7322500e+004
  7.0638602e+004  3.7135800e+004
  6.8934506e+004  3.6278200e+004
  6.5035093e+004  3.4481100e+004
  6.3759401e+004  3.4146300e+004
  6.5579161e+004  3.4259800e+004
  6.9180166e+004  3.5485100e+004
  7.6270147e+004  3.8495000e+004
  7.6581645e+004  3.8735100e+004
  7.2741783e+004  3.8100000e+004
  7.0321379e+004  3.7682200e+004
  6.7304585e+004  3.5717000e+004
  6.6648539e+004  3.5439600e+004
  6.1106033e+004  3.2437000e+004
  5.2664938e+004  2.9237200e+004
  4.8833038e+004  2.7303100e+004
  4.8815222e+004  2.6109000e+004
  4.8635655e+004  2.5353500e+004
  4.8086267e+004  2.5155600e+004
  5.2500601e+004  2.7117700e+004
  5.9854726e+004  2.9799700e+004
  6.8576307e+004  3.3762400e+004
  7.1372045e+004  3.5555800e+004
  7.1455083e+004  3.6734000e+004
  7.1316009e+004  3.7370600e+004
  7.0239290e+004  3.6539400e+004
  6.6572420e+004  3.5307500e+004
  6.2553077e+004  3.3641700e+004
  6.1269206e+004  3.2699000e+004
  6.4896734e+004  3.3801400e+004
  6.7488002e+004  3.4269200e+004
  7.0535518e+004  3.6122400e+004
  6.8957332e+004  3.5640700e+004
  6.6205821e+004  3.4978700e+004
  6.5160622e+004  3.4591300e+004
  6.3278770e+004  3.3403200e+004
  6.5283674e+004  3.4214900e+004
  6.0641335e+004  3.1632200e+004
  5.2317725e+004  2.8940100e+004
  4.7567443e+004  2.6593500e+004
  4.5771320e+004  2.4962800e+004
  4.4470551e+004  2.3592600e+004
  4.2396732e+004  2.2570500e+004
  4.3404861e+004  2.2870200e+004
  4.1823857e+004  2.1740700e+004
  4.1983773e+004  2.2176900e+004
  4.6152044e+004  2.3685000e+004
  5.2566611e+004  2.6117300e+004
  5.4991732e+004  2.7404000e+004
  5.4490542e+004  2.8018500e+004
  5.3908968e+004  2.8299700e+004
  5.3376075e+004  2.7931600e+004
  5.0570246e+004  2.6801600e+004
  4.9637277e+004  2.6380300e+004
  5.1623257e+004  2.7018400e+004
  5.9698235e+004  3.0091200e+004
  6.3393979e+004  3.1298600e+004
  6.2749964e+004  3.2079100e+004
  6.2089980e+004  3.2616900e+004
  6.1120279e+004  3.2090900e+004
  6.2438697e+004  3.2631700e+004
  5.9592562e+004  3.1120400e+004
  5.0146128e+004  2.7473200e+004
  4.3217874e+004  2.4923800e+004
  4.3004017e+004  2.3502800e+004
  4.3589119e+004  2.2759700e+004
  4.2264701e+004  2.2086100e+004
  4.0995431e+004  2.1731200e+004
  4.0804971e+004  2.1430200e+004
  4.1604919e+004  2.1784200e+004
  4.4029194e+004  2.2548700e+004
  5.0425860e+004  2.5346300e+004
  5.4537448e+004  2.6995600e+004
  5.4325910e+004  2.7628500e+004
  5.3220498e+004  2.7970400e+004
  5.3228683e+004  2.7912200e+004
  5.1452289e+004  2.7074700e+004
  5.0583861e+004  2.6726000e+004
  5.2151579e+004  2.7251400e+004
  6.0931045e+004  3.0711000e+004
  6.5502090e+004  3.2216200e+004
  6.5122274e+004  3.3284900e+004
  6.4595162e+004  3.3814000e+004
  6.2248306e+004  3.2729900e+004
  6.0875759e+004  3.2435100e+004
  5.3683093e+004  2.8699100e+004
  4.6314392e+004  2.6212100e+004
  4.4663666e+004  2.4577000e+004
  4.4178511e+004  2.3519600e+004
  4.4565019e+004  2.3192900e+004
  4.5801848e+004  2.3774800e+004
  5.3028531e+004  2.6797300e+004
  6.3150887e+004  3.0799700e+004
  7.2069759e+004  3.5037200e+004
  7.2599211e+004  3.6248200e+004
  7.1956515e+004  3.7630900e+004
  7.4838550e+004  3.8789200e+004
  7.4415564e+004  3.8441100e+004
  7.1384982e+004  3.7531000e+004
  6.7137764e+004  3.5972100e+004
  6.7802436e+004  3.6052200e+004
  7.0430320e+004  3.6344800e+004
  7.3152821e+004  3.7560400e+004
  7.9793876e+004  4.0449500e+004
  8.0601589e+004  4.0879300e+004
  7.6833457e+004  4.0272600e+004
  7.3855780e+004  3.9406400e+004
  6.8389421e+004  3.6770100e+004
  6.6771714e+004  3.5822400e+004
  5.9915590e+004  3.2250700e+004
  5.2668749e+004  2.9295200e+004
  5.0010928e+004  2.7593500e+004
  4.9396854e+004  2.6257800e+004
  4.9122077e+004  2.5785700e+004
  4.9693654e+004  2.5911000e+004
  5.4417596e+004  2.7902100e+004
  6.5945598e+004  3.2549200e+004
  7.6232808e+004  3.6900700e+004
  7.7107161e+004  3.8299100e+004
  7.4442295e+004  3.8935600e+004
  7.4610862e+004  3.9316000e+004
  7.4425716e+004  3.8902300e+004
  7.2246272e+004  3.7900700e+004
  6.7935304e+004  3.6172600e+004
  6.7987073e+004  3.6252200e+004
  7.0768930e+004  3.6657000e+004
  7.3846452e+004  3.7771400e+004
  7.9823093e+004  4.0592500e+004
  8.1318000e+004  4.1279600e+004
  7.8185996e+004  4.0767400e+004
  7.4430344e+004  3.9732200e+004
  6.8864090e+004  3.7102900e+004
  6.7454587e+004  3.6199500e+004
  6.0224153e+004  3.2418000e+004
  5.2496196e+004  2.9279500e+004
  4.9940273e+004  2.7525100e+004
  4.9691291e+004  2.6497200e+004
  5.0152980e+004  2.6047600e+004
  4.9546907e+004  2.5959800e+004
  5.4749727e+004  2.8114600e+004
  6.5419067e+004  3.2339800e+004
  7.3667143e+004  3.5928000e+004
  7.6662050e+004  3.8253900e+004
  7.6235768e+004  3.9382900e+004
  7.4142383e+004  3.8840400e+004
  7.2718138e+004  3.8466400e+004
  7.1090493e+004  3.7425000e+004
  6.7072221e+004  3.5715000e+004
  6.7351469e+004  3.5775700e+004
  6.9191606e+004  3.5918200e+004
  7.1598826e+004  3.6802600e+004
  7.7837735e+004  3.9651100e+004
  8.0123567e+004  4.0507600e+004
  7.6662704e+004  3.9954600e+004
  7.3083781e+004  3.8966900e+004
  6.8112062e+004  3.6614200e+004
  6.6949504e+004  3.5767400e+004
  6.0461358e+004  3.2434000e+004
  5.3154508e+004  2.9474300e+004
  4.9553687e+004  2.7400900e+004
  4.9545236e+004  2.6576300e+004
  5.0209924e+004  2.6040300e+004
  5.0668833e+004  2.6405000e+004
  5.5520138e+004  2.8364900e+004
  6.5313969e+004  3.2395400e+004
  7.6013624e+004  3.7055300e+004
  7.4685121e+004  3.7231000e+004
  7.2424471e+004  3.8223000e+004
  7.2264211e+004  3.8066000e+004
  7.3790114e+004  3.8421900e+004
  7.1771567e+004  3.7390200e+004
  6.6971552e+004  3.5686800e+004
  6.6624184e+004  3.5658400e+004
  6.8821118e+004  3.5746000e+004
  7.1590744e+004  3.6687400e+004
  7.7571408e+004  3.9408800e+004
  7.9558825e+004  4.0349700e+004
  7.6469228e+004  3.9829700e+004
  7.3231730e+004  3.8993300e+004
  6.7923770e+004  3.6555800e+004
  6.6559948e+004  3.5743000e+004
  6.1109317e+004  3.2437100e+004
  5.3160356e+004  2.9481900e+004
  4.9833674e+004  2.7651600e+004
  5.0201414e+004  2.6750300e+004
  4.9696077e+004  2.5921600e+004
  5.0291569e+004  2.6287100e+004
  5.5616878e+004  2.8395000e+004
  6.4223837e+004  3.1949000e+004
  7.4271615e+004  3.6362000e+004
  7.5231409e+004  3.7335000e+004
  7.3383534e+004  3.8411000e+004
  7.3868379e+004  3.8659900e+004
  7.2964834e+004  3.8129000e+004
  7.0391876e+004  3.7149800e+004
  6.6225880e+004  3.5285400e+004
  6.5786503e+004  3.5098100e+004
  6.7255912e+004  3.5146300e+004
  6.9918278e+004  3.5915800e+004
  7.5550430e+004  3.8452700e+004
  7.7360189e+004  3.9209600e+004
  7.3895276e+004  3.8525400e+004
  7.0437044e+004  3.7682200e+004
  6.6713594e+004  3.5719900e+004
  6.6893087e+004  3.5539100e+004
  6.1556422e+004  3.2568000e+004
  5.3629948e+004  2.9607300e+004
  4.9472007e+004  2.7594900e+004
  4.8273178e+004  2.6008800e+004
  4.7382174e+004  2.5016700e+004
  4.6017190e+004  2.4278200e+004
  4.6587393e+004  2.4423400e+004
  4.8405042e+004  2.5112900e+004
  5.2990105e+004  2.6834200e+004
  5.8512166e+004  2.9324200e+004
  6.3080617e+004  3.1425000e+004
  6.3231161e+004  3.2363100e+004
  6.1935867e+004  3.2216800e+004
  5.9942324e+004  3.1830400e+004
  5.8001243e+004  3.0695700e+004
  5.5897362e+004  2.9769300e+004
  5.5398696e+004  2.9247400e+004
  5.6830731e+004  2.9599500e+004
  6.3578755e+004  3.2382600e+004
  6.7809834e+004  3.3777400e+004
  6.6551725e+004  3.4195900e+004
  6.4918113e+004  3.4143400e+004
  6.2180077e+004  3.2974600e+004
  6.3462343e+004  3.3523700e+004
  5.8888700e+004  3.0893900e+004
  5.0978473e+004  2.8092500e+004
  4.6343118e+004  2.5906500e+004
  4.4157281e+004  2.4030000e+004
  4.3306444e+004  2.3093400e+004
  4.2705275e+004  2.2463300e+004
  4.2507850e+004  2.2275100e+004
  4.1216430e+004  2.1794700e+004
  4.2350950e+004  2.2058500e+004
  4.6809078e+004  2.3873300e+004
  5.3794736e+004  2.6537200e+004
  5.4931609e+004  2.7489600e+004
  5.3764432e+004  2.7953500e+004
  5.3868991e+004  2.8338100e+004
  5.3941584e+004  2.8168000e+004
  5.2086776e+004  2.7273600e+004
  5.0535601e+004  2.6846900e+004
  5.1972802e+004  2.7244500e+004
  6.0490438e+004  3.0595700e+004
  6.6096505e+004  3.2434600e+004
  6.6163293e+004  3.3533900e+004
  6.4907477e+004  3.3998200e+004
  6.1990085e+004  3.2775100e+004
  6.1166319e+004  3.2526500e+004
  5.6000475e+004  2.9771600e+004
  4.8335698e+004  2.6809800e+004
  4.4388977e+004  2.4767300e+004
  4.3842987e+004  2.3775900e+004
  4.4746922e+004  2.3287900e+004
  4.5882759e+004  2.3763300e+004
  5.2903395e+004  2.6689200e+004
  6.1577433e+004  3.0231700e+004
  7.3616416e+004  3.5809900e+004
  7.5594350e+004  3.7143200e+004
  7.3727850e+004  3.8369100e+004
  7.3668848e+004  3.8744900e+004
  7.3427015e+004  3.8286000e+004
  7.0993514e+004  3.7333700e+004
  6.7048687e+004  3.5647800e+004
  6.6973101e+004  3.5675600e+004
  6.9094327e+004  3.5828100e+004
  7.1445486e+004  3.6775500e+004
  7.7310221e+004  3.9426500e+004
  7.9347458e+004  4.0193400e+004
  7.6026509e+004  3.9602200e+004
  7.2369405e+004  3.8728400e+004
  6.7620480e+004  3.6200800e+004
  6.5203920e+004  3.5222300e+004
  6.0091118e+004  3.2028800e+004
  5.2634452e+004  2.9181500e+004
  4.9618497e+004  2.7342200e+004
  4.9213405e+004  2.6250400e+004
  4.8806370e+004  2.5654200e+004
  4.9899065e+004  2.5944600e+004
  5.5800992e+004  2.8424800e+004
  6.6000416e+004  3.2513200e+004
  7.5921014e+004  3.6869800e+004
  7.4983362e+004  3.7540800e+004
  7.3328458e+004  3.8564800e+004
  7.3801529e+004  3.8755600e+004
  7.3505848e+004  3.8274700e+004
  7.0944302e+004  3.7273500e+004
  6.6551465e+004  3.5534500e+004
  6.6394249e+004  3.5485000e+004
  6.8647343e+004  3.5572300e+004
  7.0784535e+004  3.6493400e+004
  7.7378097e+004  3.9345200e+004
  7.9798115e+004  4.0289700e+004
  7.6528991e+004  3.9814000e+004
  7.2927377e+004  3.8843900e+004
  6.7170998e+004  3.6268100e+004
  6.5880059e+004  3.5454800e+004
  6.0314787e+004  3.2139800e+004
  5.3951927e+004  2.9669500e+004
  5.0237100e+004  2.7730900e+004
  4.9814437e+004  2.6611900e+004
  4.9206716e+004  2.5820900e+004
  4.9913584e+004  2.6043300e+004
  5.6223981e+004  2.8750300e+004
  6.3803656e+004  3.1479700e+004
  7.5751308e+004  3.7092800e+004
  7.7089085e+004  3.8102600e+004
  7.6238200e+004  3.9501100e+004
  7.3459333e+004  3.8896600e+004
  7.3007849e+004  3.8437600e+004
  7.0983518e+004  3.7451800e+004
  6.7705965e+004  3.5865400e+004
  6.7316217e+004  3.5828700e+004
  6.9179945e+004  3.5897100e+004
  7.0863379e+004  3.6678500e+004
  7.7090797e+004  3.9238800e+004
  7.9109676e+004  4.0008000e+004
  7.5566392e+004  3.9451200e+004
  7.2194237e+004  3.8469100e+004
  6.7304632e+004  3.6195200e+004
  6.5503736e+004  3.5134500e+004
  5.9389479e+004  3.1920800e+004
  5.3094058e+004  2.9283900e+004
  5.0210594e+004  2.7522600e+004
  4.9411824e+004  2.6360100e+004
  4.9296164e+004  2.5829400e+004
  4.9184411e+004  2.5714200e+004
  5.4260495e+004  2.7784300e+004
  6.5330563e+004  3.2369100e+004
  7.5581016e+004  3.6487900e+004
  7.5090343e+004  3.7508600e+004
  7.3227111e+004  3.8432600e+004
  7.3399550e+004  3.8610100e+004
  7.3287515e+004  3.8216100e+004
  7.0942608e+004  3.7237800e+004
  6.6670214e+004  3.5567900e+004
  6.6594945e+004  3.5510200e+004
  6.8408672e+004  3.5528900e+004
  7.0627338e+004  3.6305600e+004
  7.5984461e+004  3.8923600e+004
  7.8642440e+004  3.9785400e+004
  7.5797378e+004  3.9337600e+004
  7.1875218e+004  3.8451700e+004
  6.7639083e+004  3.6174200e+004
  6.5469021e+004  3.5201800e+004
  6.0126525e+004  3.2102300e+004
  5.3495032e+004  2.9526600e+004
  5.0320506e+004  2.7597100e+004
  4.9377735e+004  2.6447500e+004
  5.0018250e+004  2.6179400e+004
  5.1318225e+004  2.6503400e+004
  5.6224874e+004  2.8706100e+004
  6.5637296e+004  3.2563400e+004
  7.5196012e+004  3.6776700e+004
  7.5189871e+004  3.7585400e+004
  7.3739784e+004  3.8601600e+004
  7.3471150e+004  3.8575500e+004
  7.2456920e+004  3.8003100e+004
  7.0273244e+004  3.6942000e+004
  6.5148752e+004  3.5010000e+004
  6.4813641e+004  3.4636300e+004
  6.6444026e+004  3.4594900e+004
  6.8220939e+004  3.5226300e+004
  7.4317588e+004  3.7884500e+004
  7.6892518e+004  3.8798900e+004
  7.3736348e+004  3.8209600e+004
  7.0054472e+004  3.7497800e+004
  6.6672759e+004  3.5650400e+004
  6.6790174e+004  3.5519600e+004
  6.0699990e+004  3.2130800e+004
  5.2579570e+004  2.9248000e+004
  4.8493150e+004  2.7058100e+004
  4.7918915e+004  2.5775500e+004
  4.7098717e+004  2.4675100e+004
  4.5363906e+004  2.4048800e+004
  4.6250218e+004  2.4278400e+004
  4.7786045e+004  2.4612500e+004
  5.2477849e+004  2.6684700e+004
  5.8969353e+004  2.9432400e+004
  6.4574212e+004  3.2033400e+004
  6.3665305e+004  3.2397500e+004
  6.0608784e+004  3.2021100e+004
  5.9214094e+004  3.1495400e+004
  5.7112038e+004  3.0328400e+004
  5.5598149e+004  2.9378300e+004
  5.4432648e+004  2.8880200e+004
  5.6311552e+004  2.9294000e+004
  6.3171490e+004  3.2147200e+004
  6.8085308e+004  3.3902700e+004
  6.7536282e+004  3.4425000e+004
  6.5258776e+004  3.4348300e+004
  6.1854814e+004  3.2936000e+004
  6.2711743e+004  3.3140100e+004
  5.6551964e+004  3.0022300e+004
  4.8513251e+004  2.6997600e+004
  4.4025854e+004  2.4900500e+004
  4.3728744e+004  2.3516700e+004
  4.3074385e+004  2.2675400e+004
  4.2082378e+004  2.2073600e+004
  4.1879892e+004  2.2006000e+004
  4.0800255e+004  2.1396600e+004
  4.1453096e+004  2.1780300e+004
  4.6555302e+004  2.3760500e+004
  5.3537841e+004  2.6355700e+004
  5.5655763e+004  2.7781300e+004
  5.4930612e+004  2.8197500e+004
  5.4154202e+004  2.8596500e+004
  5.4639808e+004  2.8497400e+004
  5.2536409e+004  2.7588500e+004
  5.1133835e+004  2.7118200e+004
  5.2464495e+004  2.7515500e+004
  6.0522639e+004  3.0635900e+004
  6.6305038e+004  3.2652200e+004
  6.6732261e+004  3.3714700e+004
  6.5308336e+004  3.4216200e+004
  6.2262027e+004  3.2909800e+004
  6.0760909e+004  3.2492900e+004
  5.3466697e+004  2.8737200e+004
  4.7192611e+004  2.6451200e+004
  4.4801418e+004  2.4654100e+004
  4.4375477e+004  2.3652400e+004
  4.4294876e+004  2.3163800e+004
  4.4950691e+004  2.3377400e+004
  5.1910649e+004  2.6376000e+004
  6.2253363e+004  3.0395000e+004
  7.3399657e+004  3.5484700e+004
  7.3104007e+004  3.6291900e+004
  7.1950434e+004  3.7678700e+004
  7.5980677e+004  3.9462500e+004
  7.6155820e+004  3.9096900e+004
  7.2880727e+004  3.8258700e+004
  6.8336751e+004  3.6570500e+004
  6.8542335e+004  3.6546500e+004
  7.1005298e+004  3.6725700e+004
  7.3285710e+004  3.7564100e+004
  7.7413597e+004  3.9780200e+004
  7.9902872e+004  4.0650000e+004
  7.6774180e+004  3.9980100e+004
  7.3165850e+004  3.8991400e+004
  6.7929976e+004  3.6489000e+004
  6.5808370e+004  3.5509200e+004
  5.6900551e+004  3.0784700e+004
  5.0437763e+004  2.8473400e+004
  4.8561952e+004  2.6637300e+004
  4.9517703e+004  2.6015400e+004
  4.9236031e+004  2.5581200e+004
  4.9182331e+004  2.5662200e+004
  5.3921980e+004  2.7804100e+004
  6.5211619e+004  3.2127300e+004
  7.5093517e+004  3.6345800e+004
  7.5033436e+004  3.7518800e+004
  7.3503114e+004  3.8467800e+004
  7.5582821e+004  3.9473100e+004
  7.5865679e+004  3.9307400e+004
  7.3641264e+004  3.8428300e+004
  6.8759485e+004  3.6782000e+004
  6.8693502e+004  3.6647300e+004
  7.0915755e+004  3.6848800e+004
  7.3355028e+004  3.7665900e+004
  7.8413241e+004  4.0039400e+004
  8.0742316e+004  4.1030300e+004
  7.7906478e+004  4.0507700e+004
  7.3832461e+004  3.9294400e+004
  6.8005141e+004  3.6739900e+004
  6.6156710e+004  3.5715300e+004
  6.0601317e+004  3.2407400e+004
  5.3351339e+004  2.9479200e+004
  5.0218269e+004  2.7667900e+004
  4.9811243e+004  2.6659600e+004
  5.0645183e+004  2.6405400e+004
  5.1189352e+004  2.6507900e+004
  5.5512647e+004  2.8526200e+004
  6.5766198e+004  3.2593800e+004
  7.6455254e+004  3.7296400e+004
  7.7645422e+004  3.8390600e+004
  7.5564047e+004  3.9493500e+004
  7.6294505e+004  4.0056500e+004
  7.6421472e+004  3.9824400e+004
  7.4521421e+004  3.8940800e+004
  6.9602540e+004  3.7141400e+004
  6.9868797e+004  3.7223300e+004
  7.2065078e+004  3.7368700e+004
  7.4055337e+004  3.8054600e+004
  7.8862834e+004  4.0491600e+004
  8.2110908e+004  4.1614800e+004
  7.9108165e+004  4.1066200e+004
  7.5167528e+004  3.9998700e+004
  6.9518668e+004  3.7489200e+004
  6.7747927e+004  3.6488400e+004
  6.1402963e+004  3.2874400e+004
  5.2769861e+004  2.9367900e+004
  5.0993226e+004  2.8288400e+004
  5.1895845e+004  2.7243200e+004
  5.1073940e+004  2.6641800e+004
  5.1299357e+004  2.6874400e+004
  5.6719492e+004  2.9094400e+004
  6.7627000e+004  3.3327900e+004
  7.7830838e+004  3.7871900e+004
  7.7958460e+004  3.8839700e+004
  7.4004542e+004  3.8964600e+004
  7.7595761e+004  4.0834500e+004
  7.9006722e+004  4.0545200e+004
  7.6057663e+004  3.9626400e+004
  7.0435269e+004  3.7698400e+004
  6.9952020e+004  3.7633300e+004
  7.3197053e+004  3.7888200e+004
  7.5591968e+004  3.8662300e+004
  8.0436254e+004  4.1220600e+004
  8.3963653e+004  4.2560000e+004
  8.0045948e+004  4.1594000e+004
  7.5457139e+004  4.0373700e+004
  6.9722841e+004  3.7688400e+004
  6.8376874e+004  3.6790200e+004
  6.2817625e+004  3.3494200e+004
  5.5290357e+004  3.0483000e+004
  5.2588664e+004  2.8996300e+004
  5.2407401e+004  2.7794000e+004
  5.1488533e+004  2.7032000e+004
  5.1313762e+004  2.6874600e+004
  5.5934943e+004  2.8958500e+004
  6.6831092e+004  3.2954300e+004
  7.7149159e+004  3.7660400e+004
  7.9862941e+004  3.9403000e+004
  7.8617601e+004  4.0839900e+004
  7.7980548e+004  4.0778000e+004
  7.6999301e+004  4.0517600e+004
  7.5234217e+004  3.9455400e+004
  7.0210573e+004  3.7448000e+004
  6.9627933e+004  3.7205100e+004
  7.1602630e+004  3.7334400e+004
  7.3750693e+004  3.7940000e+004
  7.9119497e+004  4.0388700e+004
  8.2752004e+004  4.1955100e+004
  7.8981260e+004  4.0905600e+004
  7.4360140e+004  3.9931200e+004
  6.9634184e+004  3.7492000e+004
  6.9250661e+004  3.7020200e+004
  6.6757456e+004  3.5077400e+004
  6.0395672e+004  3.2473200e+004
  5.3869240e+004  2.9772800e+004
  5.1343023e+004  2.8176500e+004
  5.1614125e+004  2.7332100e+004
  5.0049244e+004  2.6276000e+004
  4.8960469e+004  2.5821200e+004
  5.0850912e+004  2.6552100e+004
  5.5002152e+004  2.8021800e+004
  6.2044135e+004  3.0975200e+004
  6.8765287e+004  3.4041200e+004
  7.0303319e+004  3.5485500e+004
  6.7925370e+004  3.5270000e+004
  6.5495837e+004  3.4866100e+004
  6.2776145e+004  3.3434700e+004
  6.1022490e+004  3.2404700e+004
  6.0309552e+004  3.1884100e+004
  6.1541010e+004  3.2092000e+004
  6.7126394e+004  3.4413300e+004
  7.3031229e+004  3.6464000e+004
  7.2441442e+004  3.6975200e+004
  7.0174506e+004  3.6819000e+004
  6.6488046e+004  3.5387900e+004
  6.7568448e+004  3.5817900e+004
  6.3600541e+004  3.3247200e+004
  5.3779875e+004  2.9661400e+004
  4.7538307e+004  2.7048000e+004
  4.7937080e+004  2.6078800e+004
  4.8544715e+004  2.5152900e+004
  4.6746543e+004  2.4458700e+004
  4.4532740e+004  2.3834600e+004
  4.3466908e+004  2.3007500e+004
  4.4147443e+004  2.3389800e+004
  5.0450951e+004  2.5488000e+004
  5.7309369e+004  2.8294800e+004
  5.9598555e+004  2.9645400e+004
  5.7894720e+004  3.0010800e+004
  5.7518484e+004  3.0351900e+004
  5.7854407e+004  3.0182600e+004
  5.6199435e+004  2.9372300e+004
  5.4659601e+004  2.8989000e+004
  5.5589866e+004  2.9188600e+004
  6.3235414e+004  3.2119800e+004
  7.0123662e+004  3.4687300e+004
  7.1593900e+004  3.6004400e+004
  7.0146410e+004  3.6473500e+004
  6.6138894e+004  3.5150900e+004
  6.5531085e+004  3.4863900e+004
  5.7867540e+004  3.1120600e+004
  5.0664590e+004  2.8215400e+004
  4.7538111e+004  2.6369700e+004
  4.8241148e+004  2.5672500e+004
  4.8835765e+004  2.5277500e+004
  4.9026393e+004  2.5558200e+004
  5.5940756e+004  2.8413800e+004
  6.4435882e+004  3.1761900e+004
  7.7760223e+004  3.7947600e+004
  8.0398357e+004  3.9431300e+004
  7.8681260e+004  4.0701400e+004
  7.8122774e+004  4.1110900e+004
  7.8217096e+004  4.0862500e+004
  7.6248052e+004  3.9905000e+004
  7.1430210e+004  3.8043600e+004
  7.1163919e+004  3.8001600e+004
  7.3689551e+004  3.8294600e+004
  7.6161021e+004  3.9058200e+004
  8.0678428e+004  4.1354500e+004
  8.3921885e+004  4.2703200e+004
  8.1266107e+004  4.2003400e+004
  7.6954889e+004  4.1075700e+004
  7.1314917e+004  3.8342200e+004
  6.9047094e+004  3.7241600e+004
  6.2114267e+004  3.3457700e+004
  5.4995887e+004  3.0371300e+004
  5.1954972e+004  2.8711300e+004
  5.2668833e+004  2.7935200e+004
  5.3011889e+004  2.7476800e+004
  5.2066996e+004  2.7148000e+004
  5.6597581e+004  2.9425000e+004
  6.6434104e+004  3.2927100e+004
  7.7044514e+004  3.7665500e+004
  7.9418628e+004  3.9281000e+004
  7.8932142e+004  4.0912000e+004
  7.9050872e+004  4.1167000e+004
  7.8354838e+004  4.1028800e+004
  7.6455995e+004  4.0099300e+004
  7.1691886e+004  3.8168800e+004
  7.1368737e+004  3.8099100e+004
  7.3695860e+004  3.8263400e+004
  7.5703750e+004  3.8941400e+004
  8.0360099e+004  4.1072000e+004
  8.3784759e+004  4.2734500e+004
  8.1575014e+004  4.2097700e+004
  7.7290078e+004  4.1138900e+004
  7.1430092e+004  3.8517000e+004
  6.9749340e+004  3.7509600e+004
  6.1227463e+004  3.3055000e+004
  5.4153887e+004  3.0299000e+004
  5.1334693e+004  2.8304700e+004
  5.2055166e+004  2.7534300e+004
  5.1763657e+004  2.6924800e+004
  5.1524145e+004  2.7022700e+004
  5.7146851e+004  2.9330500e+004
  6.6024105e+004  3.2682200e+004
  7.6406967e+004  3.7427900e+004
  7.8591653e+004  3.8948000e+004
  7.8157398e+004  4.0477000e+004
  7.9354204e+004  4.1404600e+004
  7.9488976e+004  4.1220000e+004
  7.6953926e+004  4.0280300e+004
  7.1759561e+004  3.8417500e+004
  7.1906212e+004  3.8385300e+004
  7.3930591e+004  3.8382800e+004
  7.5757357e+004  3.9010500e+004
  7.9975321e+004  4.1032900e+004
  8.3499340e+004  4.2512100e+004
  8.1380052e+004  4.1955700e+004
  7.6690903e+004  4.0960000e+004
  7.1210858e+004  3.8247300e+004
  6.8802274e+004  3.7237600e+004
  6.1090390e+004  3.2871000e+004
  5.3502385e+004  2.9950100e+004
  5.0843260e+004  2.8169500e+004
  5.2114356e+004  2.7436700e+004
  5.1458711e+004  2.6799500e+004
  5.1323624e+004  2.6766000e+004
  5.5907400e+004  2.8885100e+004
  6.5742567e+004  3.2561100e+004
  7.6584557e+004  3.7400600e+004
  7.7430463e+004  3.8323100e+004
  7.6589669e+004  3.9966300e+004
  7.7874205e+004  4.0680400e+004
  7.7912411e+004  4.0379300e+004
  7.4844497e+004  3.9404200e+004
  7.0550982e+004  3.7545500e+004
  7.0160673e+004  3.7495800e+004
  7.2295108e+004  3.7512000e+004
  7.4066859e+004  3.8165200e+004
  7.8650511e+004  4.0313600e+004
  8.2508779e+004  4.2010400e+004
  8.0669740e+004  4.1532700e+004
  7.6087417e+004  4.0453700e+004
  7.0199388e+004  3.7858600e+004
  6.8296861e+004  3.6930700e+004
  6.1524248e+004  3.2946800e+004
  5.3905286e+004  3.0012900e+004
  5.1156312e+004  2.8204400e+004
  5.2034001e+004  2.7555900e+004
  5.1615328e+004  2.6878000e+004
  5.1263440e+004  2.6823600e+004
  5.5863586e+004  2.8841800e+004
  6.5892314e+004  3.2606300e+004
  7.5500355e+004  3.6821900e+004
  7.8244877e+004  3.8923100e+004
  7.7068465e+004  3.9812600e+004
  7.4896754e+004  3.9474000e+004
  7.3789388e+004  3.9064800e+004
  7.2315628e+004  3.7921600e+004
  6.7504426e+004  3.6064700e+004
  6.7081946e+004  3.5820900e+004
  6.8710708e+004  3.5713900e+004
  6.9992124e+004  3.6185400e+004
  7.4063428e+004  3.8091200e+004
  7.8708215e+004  3.9825800e+004
  7.6557289e+004  3.9408400e+004
  7.2585155e+004  3.8558600e+004
  6.7975874e+004  3.6619700e+004
  6.8360744e+004  3.6402200e+004
  6.2861270e+004  3.3258000e+004
  5.4311124e+004  2.9926900e+004
  4.9651160e+004  2.7832900e+004
  4.9448671e+004  2.6644900e+004
  4.9201475e+004  2.5757000e+004
  4.7917201e+004  2.5068400e+004
  4.6622855e+004  2.4830900e+004
  4.9885743e+004  2.5816900e+004
  5.3380147e+004  2.7041600e+004
  5.9316342e+004  2.9780900e+004
  6.4177979e+004  3.2016700e+004
  6.6344902e+004  3.3641700e+004
  6.4721383e+004  3.3483700e+004
  6.2223629e+004  3.2974400e+004
  5.9512430e+004  3.1742400e+004
  5.6481490e+004  3.0189300e+004
  5.5512789e+004  2.9612800e+004
  5.7441371e+004  2.9887900e+004
  6.3660960e+004  3.2335700e+004
  6.8685455e+004  3.4463000e+004
  6.9402991e+004  3.5115100e+004
  6.6658701e+004  3.5002600e+004
  6.2742175e+004  3.3525900e+004
  6.3720094e+004  3.3875600e+004
  5.9366806e+004  3.1101400e+004
  5.2083256e+004  2.8639700e+004
  4.7146349e+004  2.6215500e+004
  4.5302132e+004  2.4736600e+004
  4.4907251e+004  2.3713600e+004
  4.3838514e+004  2.3040000e+004
  4.3597928e+004  2.2955000e+004
  4.2451207e+004  2.2220900e+004
  4.2501143e+004  2.2543500e+004
  4.6556175e+004  2.3767600e+004
  5.3836503e+004  2.6868000e+004
  5.7500255e+004  2.8307500e+004
  5.5645919e+004  2.8602000e+004
  5.4732718e+004  2.8926500e+004
  5.4619611e+004  2.8715000e+004
  5.2865766e+004  2.7766500e+004
  5.1634601e+004  2.7310900e+004
  5.2178063e+004  2.7478600e+004
  5.9442455e+004  3.0188100e+004
  6.6560480e+004  3.2843400e+004
  6.7976042e+004  3.4165000e+004
  6.6945595e+004  3.4668200e+004
  6.2924392e+004  3.3443200e+004
  6.2476508e+004  3.3218700e+004
  5.4755490e+004  2.9478900e+004
  4.8049779e+004  2.6881500e+004
  4.5505948e+004  2.5159300e+004
  4.5729026e+004  2.4257700e+004
  4.5137803e+004  2.3574200e+004
  4.6289168e+004  2.4183600e+004
  5.3496412e+004  2.7078900e+004
  6.4951962e+004  3.1668600e+004
  7.4754375e+004  3.6076800e+004
  7.5209799e+004  3.7592400e+004
  7.3700382e+004  3.8414300e+004
  7.4288523e+004  3.9022900e+004
  7.4384219e+004  3.8700300e+004
  7.2123317e+004  3.7768100e+004
  6.7286569e+004  3.5967000e+004
  6.7158275e+004  3.5874700e+004
  6.9002651e+004  3.5863500e+004
  7.0846761e+004  3.6500100e+004
  7.5025470e+004  3.8416700e+004
  7.9019035e+004  4.0188600e+004
  7.7383113e+004  3.9818500e+004
  7.3348259e+004  3.8929400e+004
  6.7561217e+004  3.6419700e+004
  6.5852383e+004  3.5538100e+004
  5.9399903e+004  3.1833000e+004
  5.3141589e+004  2.9385400e+004
  5.0333077e+004  2.7580900e+004
  5.0620633e+004  2.6824700e+004
  4.9969977e+004  2.6218300e+004
  5.0034672e+004  2.6165600e+004
  5.5169707e+004  2.8349900e+004
  6.5379946e+004  3.2355000e+004
  7.6524747e+004  3.7092600e+004
  7.7236581e+004  3.8336800e+004
  7.5598195e+004  3.9424800e+004
  7.4848635e+004  3.9385300e+004
  7.4433245e+004  3.9010800e+004
  7.2341117e+004  3.8001600e+004
  6.7906175e+004  3.6190500e+004
  6.7540286e+004  3.6065200e+004
  6.9273965e+004  3.6104300e+004
  7.1524962e+004  3.6747000e+004
  7.6188326e+004  3.8945100e+004
  8.0387089e+004  4.0758500e+004
  7.8507467e+004  4.0450300e+004
  7.4697295e+004  3.9555800e+004
  6.8653358e+004  3.7042200e+004
  6.6921946e+004  3.6111600e+004
  6.0093629e+004  3.2231200e+004
  5.2097604e+004  2.9075000e+004
  4.8495387e+004  2.7069600e+004
  5.0067445e+004  2.6638800e+004
  5.0213330e+004  2.5817300e+004
  4.9891806e+004  2.6124400e+004
  5.4839631e+004  2.8184900e+004
  6.6161168e+004  3.2604900e+004
  7.5080557e+004  3.6550100e+004
  7.6436084e+004  3.8059100e+004
  7.5210554e+004  3.9165400e+004
  7.4779763e+004  3.9272200e+004
  7.4374666e+004  3.8926600e+004
  7.2019593e+004  3.7856800e+004
  6.7661449e+004  3.6098000e+004
  6.7806321e+004  3.6128300e+004
  6.9807507e+004  3.6174700e+004
  7.1225691e+004  3.6727800e+004
  7.4800108e+004  3.8461000e+004
  7.9252802e+004  4.0338400e+004
  7.7441771e+004  3.9726700e+004
  7.2821718e+004  3.8785400e+004
  6.7093394e+004  3.6248800e+004
  6.5708784e+004  3.5460000e+004
  5.8836654e+004  3.1461800e+004
  5.1394265e+004  2.8709600e+004
  4.8534348e+004  2.6801000e+004
  4.8595051e+004  2.5926400e+004
  4.9330120e+004  2.5577100e+004
  4.9178042e+004  2.5667400e+004
  5.3637732e+004  2.7468100e+004
  6.2391401e+004  3.1094800e+004
  7.2253741e+004  3.5345500e+004
  7.4228635e+004  3.6761800e+004
  7.3356823e+004  3.8049600e+004
  7.3796175e+004  3.8575600e+004
  7.3160088e+004  3.8224600e+004
  7.0828835e+004  3.7247200e+004
  6.6199587e+004  3.5404300e+004
  6.6187501e+004  3.5238600e+004
  6.7685929e+004  3.5304800e+004
  7.0237010e+004  3.6070200e+004
  7.4283338e+004  3.8012300e+004
  7.8521998e+004  3.9872500e+004
  7.7244398e+004  3.9611300e+004
  7.2885606e+004  3.8697200e+004
  6.7043637e+004  3.6184000e+004
  6.5404343e+004  3.5326100e+004
  5.8887290e+004  3.1604000e+004
  5.1551382e+004  2.8616200e+004
  4.9268944e+004  2.7198500e+004
  4.8498093e+004  2.5808900e+004
  4.7812226e+004  2.5125000e+004
  4.8566407e+004  2.5374300e+004
  5.3608742e+004  2.7466800e+004
  6.3896100e+004  3.1442500e+004
  7.2576623e+004  3.5387600e+004
  7.2257072e+004  3.6171400e+004
  7.2206693e+004  3.7767000e+004
  7.2565231e+004  3.7873000e+004
  7.2269022e+004  3.7639000e+004
  6.9424502e+004  3.6550200e+004
  6.4785415e+004  3.4622700e+004
  6.4377601e+004  3.4385200e+004
  6.5425261e+004  3.4222400e+004
  6.7457089e+004  3.4730100e+004
  7.1029962e+004  3.6408900e+004
  7.5949859e+004  3.8598000e+004
  7.4703490e+004  3.8286600e+004
  7.0869917e+004  3.7487700e+004
  6.5713138e+004  3.5407700e+004
  6.5798444e+004  3.5197800e+004
  6.0492114e+004  3.2030300e+004
  5.2658624e+004  2.9102100e+004
  4.7981304e+004  2.6744200e+004
  4.7318670e+004  2.5601900e+004
  4.6289029e+004  2.4316800e+004
  4.5340556e+004  2.3943400e+004
  4.4936138e+004  2.3586300e+004
  4.5606378e+004  2.3991600e+004
  5.0495051e+004  2.5694400e+004
  5.6838614e+004  2.8235600e+004
  6.2344358e+004  3.1054300e+004
  6.3985278e+004  3.2126100e+004
  6.0967672e+004  3.1813100e+004
  5.8553143e+004  3.1298400e+004
  5.6133574e+004  2.9985700e+004
  5.4370282e+004  2.8848300e+004
  5.2973130e+004  2.8161400e+004
  5.4465263e+004  2.8445900e+004
  5.9312042e+004  3.0291100e+004
  6.5460855e+004  3.2864200e+004
  6.6988267e+004  3.3592500e+004
  6.3748052e+004  3.3377600e+004
  5.9590797e+004  3.1973200e+004
  6.1255636e+004  3.2510300e+004
  5.6353918e+004  2.9572500e+004
  4.8428747e+004  2.6838000e+004
  4.2694880e+004  2.4103800e+004
  4.1375643e+004  2.2763600e+004
  4.1819531e+004  2.1991100e+004
  4.0927056e+004  2.1356400e+004
  4.0111277e+004  2.1134500e+004
  3.9889160e+004  2.0956200e+004
  4.0416582e+004  2.1126600e+004
  4.4848737e+004  2.2969100e+004
  5.1397229e+004  2.5381700e+004
  5.3003417e+004  2.6417000e+004
  5.1839740e+004  2.6874200e+004
  5.1671658e+004  2.7136500e+004