NAME	TEAM1516	Height	Weight	OverallRating	crossing	finishing	heading_accuracy	short_passing	volleys	dribbling	curve	free_kick_accuracy	long_passing	ball_control	acceleration	sprint_speed	agility	reactions	balance	shot_power	jumping	stamina	strength	long_shots	aggression	interceptions	positioning	vision	penalties	marking	standing_tackle	sliding_tackle	GKdiving	GKhandling	GKkicking	GKpositioning	GKreflexes
Diego_Mainz	7878	187.96	174	69	36	37	75	55	20	45	30	19	60	56	42	42	43	61	45	57	57	61	82	20	80	71	31	52	35	71	71	66	11	6	7	9	15
Jose_Dorado	8370	180.34	154	69	42	43	67	65	29	40	52	20	57	56	57	59	58	70	60	39	77	59	67	19	63	75	44	58	32	72	71	80	11	16	23	15	12
Pablo_Hernandez	8370	172.72	159	76	77	73	56	72	68	83	80	76	70	80	81	80	84	72	76	75	66	64	54	77	55	53	74	76	71	39	43	36	12	17	23	12	10
Ruben_Perez	7878	177.8	159	73	54	42	54	75	26	56	57	57	69	69	68	67	66	75	70	72	73	77	75	62	78	80	58	74	52	58	76	63	10	9	19	10	16
Jorge_Molina	8603	187.96	192	72	44	76	81	60	77	61	54	58	50	70	53	56	52	70	47	77	70	64	89	58	75	43	79	58	74	31	30	20	6	16	16	15	16
Antolin_Alcaraz	8306	187.96	176	70	49	38	71	65	34	49	20	36	56	61	52	53	55	67	64	53	72	65	74	42	70	72	58	53	55	69	73	74	7	14	28	18	14
Carlos_Carmona	9869	177.8	159	68	67	58	58	65	53	74	73	66	60	72	72	71	71	68	71	58	66	63	58	65	58	51	68	62	68	29	40	35	9	14	21	16	7
Marcos_Angeleri	9864	182.88	168	74	70	36	65	70	41	55	55	46	69	59	69	73	63	75	55	70	82	75	76	49	87	72	39	51	55	75	78	76	12	9	6	5	11
Gustavo_Cabral	9910	182.88	179	72	32	32	74	61	36	46	31	47	49	58	58	55	60	59	64	50	80	69	76	33	81	67	39	49	47	74	72	73	10	8	15	8	12
Neymar	8634	175.26	150	84	70	83	63	76	81	92	77	74	72	90	90	88	93	85	83	76	62	78	44	72	54	39	85	77	80	21	27	33	9	11	20	16	12
Victor_Casadesus	8581	180.34	176	72	62	70	76	67	72	73	65	61	56	75	68	66	65	72	67	75	81	71	77	66	75	40	77	69	68	37	31	29	7	14	18	9	12
Carlos_Kameni	9864	185.42	190	78	17	16	17	34	14	18	14	16	37	21	44	44	60	69	61	28	74	47	71	17	47	25	17	39	34	17	16	14	84	76	64	72	87
Ivan_Rakitic	8634	182.88	172	79	81	78	48	83	78	78	87	82	85	83	68	70	73	76	67	80	54	75	64	83	64	64	76	83	76	43	53	54	13	13	26	9	11
Pepe	8633	187.96	179	84	44	46	81	69	23	58	44	49	64	63	75	78	65	77	68	60	82	76	83	56	88	84	56	62	64	84	86	93	7	17	27	13	14
Thomas_Vermaelen	8634	182.88	176	80	62	56	82	74	52	61	58	63	73	66	72	69	64	78	65	80	93	67	78	71	79	77	46	65	66	80	82	83	8	11	18	12	15
Karim_Benzema	8633	187.96	174	85	75	87	78	82	77	83	76	73	47	86	85	84	79	82	70	84	71	72	76	77	63	33	84	80	81	19	22	15	11	13	15	8	10
Kevin_Gameiro	8302	172.72	154	77	69	81	65	74	77	74	74	66	66	75	83	79	85	78	78	74	76	71	63	73	64	43	80	76	72	21	30	37	6	11	16	10	8
Jeremy_Mathieu	8634	187.96	185	78	83	49	75	68	60	59	81	68	74	73	71	78	57	76	54	79	62	75	89	70	80	80	62	57	64	74	81	77	12	15	26	11	8
Heiko_Westermann	8603	190.5	192	77	63	50	82	67	59	55	47	39	67	65	68	70	53	76	59	72	69	74	82	62	77	78	58	67	54	77	80	77	7	9	18	11	10
Marcelo	8633	175.26	165	76	80	59	60	76	52	77	75	64	73	77	78	79	78	78	77	76	74	77	69	60	77	74	67	69	61	72	75	78	11	9	24	9	11
David_Navarro	8581	187.96	181	75	44	43	76	64	43	47	45	45	61	59	54	57	55	70	56	59	76	64	83	37	88	75	45	53	51	78	76	74	11	11	20	8	8
Roque_Santa_Cruz	9864	190.5	183	77	59	78	84	72	77	69	78	53	41	77	55	59	59	78	56	82	57	63	85	65	66	40	81	67	65	21	26	30	11	8	13	8	10
Rafael_van_der_Vaart	8603	175.26	163	82	81	78	56	85	82	81	86	84	84	85	59	59	75	84	75	81	55	69	64	83	59	56	79	85	77	32	41	33	10	13	19	16	15
Fernando_Torres	9906	185.42	172	83	71	84	77	78	86	83	79	67	51	84	83	82	78	82	64	84	77	72	75	78	64	40	84	79	78	21	26	25	13	14	16	11	12
Tiago	9906	182.88	157	80	64	61	75	84	68	72	78	69	82	84	67	67	62	77	62	79	76	76	75	75	80	76	74	82	62	56	77	69	6	10	28	10	15
Cristiano_Ronaldo	8633	185.42	176	91	84	91	86	82	86	93	88	82	72	94	92	94	93	88	74	93	93	88	79	90	61	36	86	81	84	22	31	23	7	13	28	15	13
Ricardo_Costa	7878	182.88	176	76	40	25	78	57	34	48	24	28	46	59	60	63	59	66	70	68	84	72	84	32	87	73	56	58	45	75	74	80	11	15	17	10	14
Andres_Iniesta	8634	170.18	150	88	84	73	55	94	74	90	80	69	89	93	80	77	86	89	86	67	55	78	60	76	59	72	88	93	71	58	60	56	7	15	26	15	10
Sergio_Ramos	8633	182.88	165	86	73	55	87	77	57	69	73	65	69	82	81	82	83	80	70	71	92	84	83	55	84	83	65	66	65	85	88	89	10	11	27	11	13
Lionel_Messi	8634	170.18	159	92	83	92	69	89	88	96	88	84	77	96	95	91	94	93	92	80	70	78	60	87	49	34	91	90	80	19	22	20	6	13	29	15	11
Guillermo_Ochoa	9864	185.42	172	79	19	17	19	26	17	17	15	21	44	26	56	54	70	69	65	24	78	45	55	16	21	36	33	50	30	17	20	18	81	72	76	77	85
Luka_Modric	8633	175.26	143	83	76	73	57	88	77	83	83	80	86	88	78	76	92	85	88	71	67	83	61	78	65	65	81	89	79	57	56	53	10	11	26	15	11
Gareth_Bale	8633	182.88	163	84	83	77	73	81	76	84	87	84	79	83	90	92	75	82	67	84	68	88	77	84	76	65	80	78	74	67	71	71	15	16	21	8	8
German_Dario_Lux	9783	185.42	170	73	17	17	17	17	13	18	15	14	35	32	29	32	55	70	45	17	65	53	72	16	44	29	17	38	21	18	17	15	78	66	66	72	77
Mehdi_Lacen	8305	175.26	159	73	65	51	56	79	66	73	77	70	71	75	69	68	78	70	75	68	72	78	72	67	69	70	67	77	58	62	69	62	12	10	25	14	14
Carlos_Gurpegi	8315	180.34	165	75	59	44	74	74	55	57	66	59	66	67	60	59	54	71	71	66	87	74	81	60	84	81	62	62	51	69	80	71	14	16	21	9	16
Aritz_Aduriz	8315	182.88	172	79	56	82	90	71	78	72	61	54	51	76	69	73	62	79	62	80	92	71	78	75	74	32	82	72	73	44	43	48	13	12	20	16	11
Fernando_Llorente	8302	195.58	198	81	48	84	92	69	84	71	60	46	47	79	58	67	63	82	61	82	73	70	91	64	77	38	85	65	67	23	27	23	9	8	13	9	6
Didier_Digard	8603	182.88	168	69	45	53	71	71	31	62	52	53	67	68	65	62	67	67	68	64	68	76	74	63	74	64	47	70	67	67	70	68	7	15	23	13	11
Ivan_Cuellar	9869	187.96	181	71	19	19	18	22	16	18	16	18	33	23	63	58	64	64	58	25	67	50	70	19	52	35	29	38	36	19	18	15	71	74	69	67	75
Gabi	9906	180.34	163	78	66	64	54	83	66	68	77	75	81	79	70	70	78	79	74	78	60	81	68	74	73	74	71	82	79	64	75	70	7	13	21	8	12
Manuel_Pablo	9783	175.26	176	71	78	42	49	69	47	48	65	48	70	71	60	63	54	74	68	55	41	57	75	62	73	78	50	61	55	73	76	71	13	8	25	13	14
Juan_Carlos_Valeron	8306	185.42	168	76	74	65	65	86	65	79	72	69	80	83	54	50	59	78	69	52	41	39	43	67	33	40	70	90	70	18	19	17	6	10	30	10	9
Gorka_Iraizoz_Moreno	8315	190.5	196	77	16	18	17	28	17	16	14	17	33	24	47	52	49	74	58	29	58	48	80	17	51	33	30	34	25	18	16	14	71	81	75	82	75
Jesus_Gamez	9906	182.88	170	73	72	34	61	62	42	58	57	48	60	65	66	74	62	70	60	72	74	83	78	50	79	75	47	54	51	74	77	78	8	11	17	15	11
Fernando_Navarro	9783	175.26	154	75	72	35	67	69	56	65	72	66	72	72	70	71	65	73	68	66	71	78	74	57	80	75	55	61	43	80	77	79	6	9	28	14	9
Jonas_Gutierrez	9783	182.88	161	75	72	62	64	77	62	81	66	69	72	77	73	73	76	72	65	77	61	81	75	70	54	66	68	73	69	61	62	60	6	10	26	11	12
Ivan_Ramis	8372	187.96	181	73	54	51	71	67	39	55	74	68	65	65	58	56	55	69	60	78	73	68	76	63	74	69	47	56	53	74	77	75	8	16	20	10	12
Raul_Garcia	8315	182.88	179	78	70	69	79	85	56	74	75	65	77	80	67	71	61	80	66	82	69	78	79	73	74	70	81	82	75	56	70	63	13	16	20	16	15
Asier_Riesgo	8372	185.42	168	72	22	16	16	18	15	16	15	17	33	30	58	57	51	62	60	22	60	59	70	16	50	34	31	42	28	16	16	17	73	73	64	74	71
Ion_Ansotegi	8372	193.04	185	72	45	31	75	59	31	42	50	55	55	55	41	47	40	65	46	60	49	63	86	37	76	71	45	51	45	76	77	66	12	13	22	16	10
Mikel_Gonzalez	8560	190.5	174	73	53	36	72	61	40	46	49	50	55	58	63	64	55	68	57	61	77	70	80	36	79	68	49	59	54	75	74	80	9	17	20	12	15
Javier_Garrido	8306	177.8	168	73	77	49	69	73	53	65	72	75	71	72	73	71	67	70	71	71	63	74	69	68	73	74	68	60	60	72	76	76	8	14	25	13	11
Xabier_Prieto	8560	185.42	168	77	83	70	65	81	59	80	80	72	79	80	64	67	64	79	64	73	57	66	62	76	62	56	76	82	82	22	28	24	10	8	17	16	9
Daniel_Alves	8634	172.72	154	84	83	57	70	82	68	81	77	77	80	84	87	90	86	86	80	86	77	86	69	78	85	81	71	71	73	75	83	86	6	13	28	10	10
Adriano	8634	172.72	161	77	81	60	66	78	52	80	80	70	76	80	79	77	79	79	77	82	73	78	68	82	71	75	77	68	63	70	68	77	11	15	24	15	14
Ze_Castro	8370	182.88	181	73	47	46	70	75	47	54	46	56	68	70	64	64	64	65	59	42	71	68	70	56	63	78	49	59	53	73	77	79	10	14	25	10	14
Daniele_Bonera	10205	182.88	163	77	60	30	74	65	27	49	34	40	65	60	60	61	57	73	65	65	76	62	77	53	81	82	40	53	57	80	82	78	5	10	19	10	9
Antonio_Barragan	10267	185.42	183	72	71	44	66	66	43	61	61	53	66	69	75	75	65	70	64	63	72	80	73	54	72	74	58	52	59	73	73	74	5	10	23	10	12
Patrick_Ebert	8370	175.26	159	72	76	59	58	72	57	71	72	76	73	74	75	74	75	71	74	75	60	70	61	67	68	58	65	71	60	26	48	33	12	7	16	14	8
Claudio_Bravo	8634	182.88	176	78	18	16	20	29	19	18	32	36	43	25	56	54	62	72	63	34	80	54	69	18	40	29	23	32	35	16	17	17	81	73	82	75	81
Joan_Verdu	8581	177.8	157	77	70	69	54	82	63	77	79	78	80	78	69	65	71	69	72	75	56	60	59	74	60	52	77	83	70	41	47	40	12	11	23	15	10
Alvaro_Arbeloa	8633	182.88	174	75	72	49	64	72	55	57	55	47	64	65	67	73	62	74	63	66	67	76	74	50	75	78	65	62	55	79	79	81	10	14	22	9	14
Juan_Rodriguez	8305	185.42	176	73	65	63	73	80	53	68	66	61	67	74	59	58	62	75	63	81	70	73	78	67	72	73	72	78	59	57	69	60	10	13	28	14	11
Duda	9864	175.26	157	74	86	69	53	78	58	73	90	85	84	74	62	67	67	64	76	84	58	57	63	79	65	47	70	76	70	58	58	57	12	12	19	7	14
Alberto_Lopo	9783	185.42	179	75	45	56	78	67	27	31	30	47	65	62	56	60	47	67	59	52	77	65	83	47	77	70	52	60	65	75	79	74	8	11	24	10	16
Alexis	8305	182.88	165	76	44	22	81	72	39	48	48	45	63	66	62	69	65	67	60	64	79	70	81	24	78	74	57	58	37	76	75	79	14	10	23	12	14
Cani	9783	180.34	165	76	75	69	51	76	66	80	79	67	70	81	76	77	77	71	69	72	66	70	61	75	61	50	77	75	70	47	46	38	8	13	19	16	8
Gerard_Pique	8634	193.04	187	84	54	54	83	81	57	57	44	44	79	75	64	69	58	80	57	53	77	72	83	43	70	84	58	71	70	85	87	87	9	14	30	17	12
Juanfran_Garcia	8581	182.88	172	73	73	41	58	61	46	60	60	47	64	69	66	70	61	75	59	60	68	62	79	46	81	81	61	56	49	74	76	74	8	7	18	11	7
Roberto_Soldado	10205	180.34	163	81	64	84	82	69	82	77	74	65	57	80	75	77	73	82	73	82	82	74	73	76	72	46	86	71	82	34	38	37	12	13	17	10	7
Momo	8306	180.34	154	69	72	63	54	67	60	73	78	72	61	70	70	71	72	67	60	67	57	62	60	64	50	40	67	72	66	23	25	21	9	13	24	15	10
Tono	8370	182.88	176	74	17	18	18	19	19	17	14	17	37	25	56	58	57	65	49	23	71	52	74	16	56	40	19	42	36	16	17	15	78	68	71	77	77
Pedro_Lopez	8581	175.26	159	72	75	47	57	69	49	69	68	55	67	73	76	76	72	75	73	78	70	76	68	67	70	73	60	59	58	70	74	74	9	12	25	12	14
Oriol_Riera	9783	182.88	172	68	34	68	65	49	63	58	55	49	37	61	69	73	62	77	63	73	74	76	73	57	69	40	74	54	59	19	19	17	11	12	10	11	10
Paco_Montanes	8558	172.72	154	72	63	61	49	69	55	78	72	59	62	73	86	83	82	71	79	71	71	70	61	63	48	37	75	65	59	36	37	20	11	14	9	11	12
Ruben	8581	187.96	176	70	16	18	16	25	14	18	14	17	29	25	47	53	64	64	57	29	73	49	68	16	50	29	20	36	30	15	17	14	76	66	63	66	77
Joaquin	8603	177.8	165	80	87	69	52	79	70	86	88	75	75	85	78	79	78	72	74	74	55	62	60	75	53	40	78	79	75	24	30	27	9	15	14	12	13
Ikechukwu_Uche	9864	177.8	157	75	59	75	71	56	74	80	53	43	42	77	84	84	86	70	71	80	87	70	75	69	49	37	74	62	67	24	21	29	12	17	19	11	11
Francisco_Molinero	8603	175.26	159	68	66	40	63	65	25	52	61	41	58	73	77	79	78	72	72	68	74	83	68	58	74	62	60	60	54	57	63	68	7	9	14	12	12
Jose_Angel_Crespo	8370	182.88	159	67	67	30	57	63	36	54	58	25	62	61	70	67	64	68	63	49	70	78	69	41	71	66	54	57	45	65	69	67	11	7	18	7	13
Nicolas_Pareja	8302	180.34	163	76	54	50	77	70	47	59	61	74	74	62	68	67	61	79	66	75	79	73	73	64	80	74	47	62	69	75	78	79	13	14	25	14	13
Juanfran	9906	180.34	159	74	77	58	52	68	54	76	75	59	63	74	76	81	74	75	64	67	62	79	67	57	71	69	67	68	64	58	61	57	10	15	21	15	9
Mariano_Damian_Barbosa	10205	187.96	165	70	17	16	18	35	14	18	13	15	40	24	63	57	66	72	64	32	74	48	65	16	48	32	27	30	33	17	18	13	72	68	74	65	76
Verza	8581	180.34	172	70	66	57	50	78	56	56	78	74	78	67	57	56	59	65	62	71	50	80	72	72	71	67	60	73	73	55	66	57	12	12	24	17	9
Gorka_Elustondo	8315	182.88	174	71	62	57	58	78	42	61	78	73	79	71	62	68	67	70	66	62	68	70	69	61	69	64	66	74	63	56	62	57	11	15	25	15	12
Angel_Lafita	8305	187.96	161	75	78	64	63	72	63	78	74	59	66	79	71	75	71	79	60	72	60	70	65	67	67	50	78	74	61	25	33	35	9	9	25	15	15
Giuseppe_Rossi	8581	172.72	159	79	66	82	61	75	76	80	78	74	64	83	82	79	82	78	78	78	60	62	53	81	41	33	81	75	79	21	26	20	5	11	18	12	7
Javier_Mascherano	8634	175.26	161	81	62	50	60	78	57	59	61	48	74	79	68	68	68	83	74	70	67	84	73	58	87	88	60	71	67	80	87	85	6	12	24	8	8
Jose_Antonio_Reyes	8302	175.26	159	76	77	69	57	73	68	80	82	73	73	80	78	73	76	72	73	70	54	59	57	74	47	33	69	76	72	21	23	20	12	11	23	13	15
Arthur_Boka	9864	165.1	143	71	73	38	56	71	50	72	71	59	64	72	74	74	80	71	79	72	64	73	63	56	75	69	58	60	51	70	74	73	12	12	23	11	11
Henok_Goitom	8305	187.96	190	68	53	66	71	67	69	68	63	50	51	71	61	68	63	67	56	73	62	63	82	57	51	35	69	67	64	33	34	21	14	10	20	7	11
Fernando_Damian_Tissone	9864	180.34	170	73	61	60	54	75	73	66	67	68	73	74	70	69	66	76	66	78	76	79	76	66	74	74	74	74	68	59	72	65	8	8	25	14	14
Michael_Krohn-Dehli	8302	170.18	150	74	72	61	50	75	54	76	68	72	70	77	74	73	80	72	76	76	61	75	61	68	65	61	76	74	72	30	44	35	9	9	22	16	12
Stipe_Pletikosa	9783	193.04	183	75	18	14	14	14	11	15	20	14	36	32	65	51	53	73	59	23	76	41	74	14	57	32	16	41	25	15	14	16	76	74	75	78	75
Juan_Vargas	8603	180.34	170	74	80	66	57	74	79	74	80	72	76	75	75	76	72	67	70	82	65	74	76	80	77	68	67	73	69	68	74	74	10	9	23	11	15
Arda_Turan	8634	177.8	168	83	81	73	64	85	75	87	78	56	78	87	78	73	86	80	83	71	72	73	66	73	72	51	81	87	75	38	49	57	10	10	22	14	13
Michael_Ciani	8558	193.04	194	75	38	33	76	58	25	39	22	50	62	54	61	66	51	66	54	70	80	67	91	41	77	76	46	43	34	76	77	75	13	9	18	9	16
Guilherme_Siqueira	10267	182.88	168	72	78	53	58	65	39	76	75	61	68	75	75	75	73	74	54	66	70	79	68	58	75	72	59	59	71	60	64	68	6	10	14	10	13
Enzo_Perez	10267	177.8	157	78	73	70	59	79	71	81	75	69	73	82	83	78	79	81	78	75	70	85	73	73	81	73	77	80	76	70	74	77	9	11	7	15	13
Razvan_Rat	8370	177.8	159	73	78	49	69	72	56	63	64	64	73	67	73	77	70	72	71	67	67	80	72	61	63	74	64	60	52	72	75	73	9	13	16	16	9
Adrian_Gonzalez	8372	182.88	168	72	71	61	53	76	54	72	75	71	71	75	70	70	73	67	65	57	55	69	61	59	55	59	64	72	69	48	49	40	6	15	22	8	9
Luis_Suarez	8634	182.88	187	85	76	86	72	79	83	88	84	81	62	86	85	78	84	86	78	82	69	84	75	81	76	44	85	83	83	30	42	38	24	24	34	31	34
Antonio_Adan	8603	190.5	203	66	21	21	23	30	19	20	21	21	28	21	51	53	54	56	53	29	67	33	71	21	38	27	25	29	26	21	20	20	66	71	60	63	70
Pedro_Mosquera	9783	182.88	170	65	57	48	53	74	44	61	70	67	71	68	64	59	65	62	59	54	60	69	62	49	51	57	62	72	53	48	56	47	7	15	17	14	11
Francisco_Casilla	8633	190.5	185	69	18	16	16	29	15	15	16	19	27	20	35	47	47	64	53	20	61	44	74	15	43	24	18	36	24	16	17	13	68	72	64	71	69
Carl_Medjani	8581	182.88	170	69	45	39	70	55	27	46	38	54	56	57	55	59	51	65	58	58	76	66	75	55	74	69	47	45	60	67	70	70	13	15	14	12	13
Daniel_Carrico	8302	180.34	176	75	62	49	77	71	51	60	47	51	69	67	67	69	65	70	71	62	86	74	76	51	80	77	58	63	63	73	78	76	11	12	25	16	14
Benoit_Tremoulinas	8302	172.72	143	75	78	51	63	77	52	70	82	57	71	75	81	82	80	78	76	66	70	81	63	60	70	70	65	77	69	73	74	78	4	16	24	16	11
Esteban_Granero	8560	180.34	165	73	71	62	55	78	40	67	78	71	78	77	65	64	65	73	70	70	59	66	68	66	64	66	70	78	66	54	64	54	8	14	24	13	14
Filipe_Luis	9906	182.88	170	76	79	57	63	71	55	73	71	72	72	78	76	81	73	78	63	66	62	82	71	60	70	76	66	71	63	77	76	80	9	15	20	10	7
David_Barral	7878	182.88	172	73	59	71	71	63	69	74	67	62	53	72	76	76	75	73	70	81	76	71	70	67	82	41	77	62	73	31	41	28	11	12	14	11	16
Miguel_Torres	9864	182.88	163	70	65	20	62	62	28	54	53	56	55	67	67	66	56	69	64	48	67	73	69	45	69	74	52	53	41	72	75	74	7	13	20	13	11
Felipe_Caicedo	8558	182.88	185	70	56	71	64	64	68	70	59	61	49	70	69	73	64	68	67	76	71	64	82	61	71	38	70	64	65	35	41	36	7	14	20	11	13
Weligton	9864	185.42	157	75	41	32	62	62	19	47	52	39	50	56	59	67	57	74	55	56	72	69	79	28	86	75	40	52	37	79	79	80	7	11	21	9	8
Bruno_Soriano	10205	182.88	161	78	61	60	61	83	50	71	66	61	79	78	61	63	63	79	66	75	68	78	73	66	74	82	71	82	64	66	78	80	12	11	20	12	10
Piti	7878	177.8	174	72	69	70	51	69	68	73	74	72	65	74	72	69	73	77	70	86	62	73	59	77	65	42	75	69	74	30	36	30	10	15	19	14	9
Mikel_Rico	8315	177.8	168	71	52	62	56	75	53	60	50	57	71	68	66	65	67	77	71	73	78	83	73	62	69	74	66	69	56	53	74	65	13	8	15	10	9
Adrian_Lopez	10205	182.88	161	76	62	75	71	69	72	83	61	56	53	82	82	78	79	76	67	73	73	71	69	71	62	37	77	70	69	21	21	18	11	15	17	8	16
Benat_Etxebarria	8315	175.26	159	77	71	68	46	82	58	70	80	83	83	78	68	65	71	75	76	85	65	76	68	80	78	70	74	81	67	59	72	61	15	9	13	5	12
Nordin_Amrabat	9864	177.8	170	76	74	71	55	72	58	82	74	67	66	78	86	86	87	72	74	73	58	74	70	69	63	35	72	63	69	28	40	29	10	14	13	8	13
Imanol_Agirretxe	8560	187.96	170	72	51	76	81	59	75	67	70	49	47	77	58	63	62	73	57	67	70	66	77	61	57	39	81	58	63	43	41	32	13	10	14	8	16
Pablo_Piatti	10267	162.56	139	77	73	72	72	75	70	82	76	57	57	80	88	85	87	69	86	67	80	70	44	70	53	42	76	73	58	26	27	26	10	10	19	10	12
Roberto_Lago	8305	177.8	168	68	67	37	50	60	47	59	67	46	60	70	74	76	73	66	68	68	79	82	69	51	72	68	54	56	48	64	66	73	13	14	21	16	10
Jean-Sylvain_Babin	7878	182.88	185	69	35	19	73	61	24	29	46	56	51	50	50	58	40	54	53	81	88	82	91	56	70	66	47	54	37	59	76	63	14	9	15	7	6
Nabil_El_Zhar	8306	175.26	146	72	72	63	45	67	59	81	63	57	62	76	83	80	81	68	77	71	64	66	58	68	54	34	64	67	64	25	30	32	7	11	21	9	14
Javi_Guerra	8370	177.8	170	71	49	75	73	63	74	68	53	46	52	67	72	75	72	71	67	74	80	72	72	58	55	36	73	53	57	32	33	40	13	12	16	13	15
Pape_Kouli_Diop	8558	180.34	161	74	58	52	64	73	64	62	69	66	71	71	67	69	72	75	70	77	83	79	84	64	82	81	59	71	60	61	81	73	7	8	13	14	16
Alberto_De_la_Bella	8560	182.88	181	72	75	42	60	67	31	63	71	36	67	72	76	76	78	68	70	53	72	81	70	56	69	73	56	61	50	71	71	73	15	12	15	13	9
Fabian_Orellana	9910	170.18	154	75	69	67	62	67	60	84	80	73	55	81	85	80	88	76	78	61	71	64	47	72	53	34	71	72	69	21	35	24	11	8	20	16	15
Marcelo_Diaz	9910	165.1	139	71	69	51	63	78	59	63	73	72	74	78	70	67	77	62	88	76	81	82	48	72	72	76	56	70	67	70	65	68	5	5	7	6	10
Jackson_Martinez	9906	185.42	187	80	59	83	83	69	81	76	68	38	62	77	79	83	80	78	70	81	84	82	84	69	76	44	81	70	72	25	43	30	14	6	15	15	15
Keylor_Navas	8633	185.42	172	75	16	18	18	32	15	18	16	18	38	27	57	54	70	72	58	37	81	45	64	17	33	22	19	38	29	17	20	20	81	68	66	71	82
Celso_Borges	9783	182.88	181	73	58	66	73	76	74	64	72	71	75	77	68	70	72	74	69	81	70	82	79	74	66	61	76	78	58	54	52	49	8	15	12	8	12
Victor_Alvarez	8558	177.8	152	66	70	32	52	60	31	59	66	57	56	69	75	75	73	64	67	53	66	73	62	56	64	66	52	56	43	68	64	65	8	8	5	5	6
Diego_Godin	9906	185.42	161	80	55	42	83	72	49	54	49	50	66	65	67	70	63	79	65	66	83	75	77	44	81	80	53	57	52	82	80	87	7	11	25	9	16
Gonzalo_Castro	9864	175.26	154	72	72	66	56	67	61	77	69	54	57	76	77	74	76	75	76	67	65	63	56	71	49	47	69	68	58	27	42	34	9	17	25	13	15
Bojan_Jokic	10205	175.26	165	72	77	51	66	71	58	64	72	58	69	71	74	74	70	74	77	66	72	73	72	60	78	72	61	57	51	73	71	73	14	15	26	9	14
Abdoul_Karim_Yoda	8305	182.88	161	63	60	47	49	65	45	63	51	53	54	66	75	75	71	56	61	59	68	71	64	46	62	43	57	53	50	50	54	47	11	16	20	12	8
Nikos_Karabelas	8581	180.34	154	70	65	26	47	57	30	57	43	24	57	64	75	76	70	68	70	48	71	75	73	33	77	70	49	54	36	71	75	75	10	12	11	10	12
Javi_Varas	8306	182.88	163	71	21	19	19	20	16	19	16	15	30	19	51	62	64	65	58	22	71	49	59	19	31	28	18	35	29	18	18	16	74	68	64	67	77
Augusto_Fernandez	9910	177.8	157	75	73	72	54	72	51	73	64	59	74	78	69	74	74	78	63	62	58	66	62	68	34	49	76	81	52	34	46	53	8	12	13	15	8
Daniel_Wass	9910	180.34	163	72	74	58	64	72	53	70	60	66	65	72	77	78	77	72	66	77	62	76	64	63	66	72	69	68	57	65	71	71	9	10	13	14	14
Javi_Fuego	10267	182.88	163	73	57	54	51	73	50	60	68	67	71	70	66	63	64	74	59	69	65	78	71	62	77	75	62	70	59	64	72	66	6	14	25	11	14
Roberto_Canella	9869	180.34	161	70	70	47	54	64	48	63	70	58	65	69	77	79	78	72	72	59	75	82	73	55	69	70	59	58	57	64	68	76	11	12	25	10	16
Artiles_Oliva_Aythami	8306	182.88	172	66	46	37	66	65	45	41	42	42	64	53	51	55	54	61	58	36	69	67	72	38	67	66	48	48	41	68	70	64	5	14	21	11	12
David_Garcia	8306	182.88	181	65	50	43	59	53	50	48	47	48	52	59	59	59	57	58	59	54	69	66	69	26	75	61	44	41	47	64	70	64	9	16	22	15	10
Nauzet_Aleman	8306	180.34	165	67	74	59	43	65	58	67	72	68	67	71	67	69	74	65	66	78	52	70	58	68	71	53	64	68	65	36	43	40	12	14	20	16	10
Roberto_Trashorras	8370	177.8	157	72	72	62	53	79	59	72	84	81	80	74	53	51	53	73	63	69	40	63	67	71	74	59	64	80	64	49	58	42	13	14	28	9	17
Pedro_Leon	8305	182.88	161	75	82	68	53	77	69	77	83	76	80	75	70	71	66	69	70	74	43	62	59	70	54	47	69	78	67	33	44	40	8	13	23	15	16
Daniel_Parejo	10267	180.34	165	77	75	65	57	86	65	75	82	79	81	81	64	64	68	72	70	73	59	72	71	75	67	66	73	83	72	52	58	57	4	11	22	15	10
Alvaro_Negredo	10267	185.42	190	79	52	81	81	71	81	74	66	68	60	79	68	72	63	77	58	84	78	70	84	75	74	39	80	64	76	24	31	24	11	8	18	9	14
Carlos_Vela	8560	177.8	165	79	71	78	64	76	80	83	78	67	65	82	85	84	85	75	78	71	68	67	66	76	56	42	77	76	70	17	20	17	8	15	20	14	12
Duje_Cop	9864	182.88	161	70	52	74	64	69	65	66	68	62	58	73	66	67	71	77	65	68	57	69	67	68	68	21	73	65	59	21	27	29	11	11	15	12	11
Adil_Rami	8302	190.5	194	78	43	41	78	62	49	50	43	57	68	63	60	64	59	67	61	70	77	69	87	51	80	79	36	49	53	81	83	80	7	12	16	8	6
Antonio_Rukavina	10205	177.8	163	72	69	32	59	66	48	60	54	36	63	65	75	77	69	76	71	59	77	83	69	48	77	74	60	59	44	71	74	72	5	8	22	10	9
Egor_Filipenko	9864	193.04	185	67	49	28	68	56	21	28	38	40	46	39	58	62	58	67	40	44	65	59	74	38	72	67	50	56	42	70	70	65	6	9	18	13	12
Giedrius_Arlauskis	8558	182.88	176	71	18	13	14	14	12	11	15	16	11	18	33	34	38	42	52	13	57	38	40	10	33	15	12	31	10	10	12	12	73	65	70	74	79
Yuri_Berchiche	8560	177.8	170	67	69	33	59	61	50	65	71	50	58	68	77	78	75	56	73	75	83	81	73	67	84	53	42	44	55	69	69	71	11	12	11	7	10
Javi_Moreno_Marquez	7878	177.8	157	71	65	62	48	77	66	68	76	67	80	75	65	63	70	71	71	82	58	61	65	75	59	63	63	79	67	52	58	53	11	12	17	12	11
Hernan_Perez	8558	180.34	170	70	65	67	52	65	57	75	61	50	61	72	78	79	77	68	69	78	75	75	66	72	69	41	72	64	50	21	23	17	12	13	18	9	15
Sofiane_Feghouli	10267	177.8	165	77	75	69	53	74	71	83	56	67	69	81	83	83	84	77	76	77	70	77	58	70	49	42	77	73	60	30	43	33	12	9	18	12	10
Toni_Kroos	8633	182.88	172	82	83	73	51	86	82	81	86	81	82	84	61	59	75	81	74	81	57	72	67	84	49	66	74	86	69	39	54	48	9	13	24	10	12
Federico_Fazio	8302	195.58	201	75	40	41	81	64	34	51	43	36	56	65	49	51	43	74	55	61	60	70	85	25	74	74	44	55	38	75	79	75	7	11	19	13	15
Diego_Alves	10267	187.96	183	79	21	17	19	34	18	18	16	19	44	23	56	57	69	76	61	29	83	50	66	21	44	34	32	44	34	18	18	17	86	71	74	74	87
Markel_Susaeta	8315	177.8	150	77	81	74	53	77	63	78	81	79	76	79	80	82	80	70	74	75	64	76	60	72	67	49	76	75	56	20	22	25	10	9	16	8	11
Sergio_Asenjo	10205	187.96	192	77	21	18	18	27	17	18	21	17	41	20	55	52	59	71	57	33	71	47	69	28	21	19	18	29	22	17	18	15	80	76	73	75	79
Manu_Fernandez	9783	182.88	170	67	23	19	20	22	17	19	20	17	34	23	56	48	46	54	57	21	65	44	53	22	26	31	23	37	26	19	19	16	68	64	67	67	73
Ruben_Castro	8603	175.26	159	73	58	78	64	62	69	76	61	55	46	72	80	76	77	75	73	72	71	66	56	67	47	34	79	65	66	17	17	17	12	9	20	9	12
Beto	8302	182.88	179	76	20	20	20	36	19	20	17	16	44	27	42	37	60	79	33	35	75	47	55	20	42	27	20	30	32	19	21	16	76	75	74	74	78
Takashi_Inui	8372	170.18	139	73	65	65	46	74	61	79	67	63	60	78	85	76	93	68	91	60	64	72	31	66	34	32	68	73	50	25	22	24	10	11	10	14	7
David_Zurutuza	8560	185.42	172	71	61	59	56	79	58	73	67	53	70	72	67	66	70	63	59	61	59	65	62	65	58	53	67	80	58	48	52	47	9	16	23	16	10
Alvaro_Pereira	8305	180.34	172	75	78	50	67	76	59	75	69	62	72	76	78	81	73	77	67	76	74	82	75	69	78	75	70	68	62	69	76	77	6	8	19	15	11
Oier_Olazabal	8560	187.96	187	66	15	14	15	36	15	20	15	16	34	24	45	43	59	62	44	34	59	43	66	14	27	25	16	34	31	18	19	17	65	65	73	73	61
Alberto_Garcia	9869	182.88	170	66	22	18	18	24	17	17	18	21	34	22	51	53	64	52	54	19	80	34	49	19	31	28	19	27	23	16	16	11	70	61	63	63	72
Carlos_Martinez	8560	187.96	174	72	73	47	69	61	40	60	70	46	66	67	66	75	57	69	53	54	68	79	78	50	65	71	52	62	45	69	74	75	9	9	20	15	10
Markel_Bergara	8560	180.34	172	72	59	53	68	79	48	64	60	70	73	73	64	57	60	69	69	61	67	70	76	58	74	71	66	74	59	62	69	60	11	15	17	15	16
Borja_Viguera	8315	182.88	176	67	44	72	65	51	66	67	59	60	42	67	65	65	60	65	62	68	65	60	66	67	52	26	63	56	68	23	22	24	7	8	15	15	9
Foued_Kadir	8603	180.34	154	70	68	65	53	69	57	70	60	56	62	71	72	73	73	69	61	68	61	65	59	68	69	59	68	75	53	22	34	22	9	14	20	14	9
Salva_Sevilla	8558	177.8	154	72	69	61	57	80	59	69	77	73	79	74	59	64	62	72	66	78	58	62	65	74	58	60	67	78	71	46	49	42	13	14	18	14	11
Yevheniy_Konoplyanka	8302	175.26	152	82	77	79	49	81	67	86	83	77	78	85	93	88	83	77	81	78	66	77	59	84	48	37	73	80	75	21	38	31	5	11	15	9	9
Juanfran	9783	177.8	159	71	71	59	60	65	54	68	60	55	60	72	77	79	74	72	69	73	71	82	69	70	67	68	69	59	59	57	64	60	12	8	12	9	13
Roberto_Rosales	9864	175.26	154	71	74	48	58	70	53	73	74	53	68	74	78	78	84	74	76	67	72	81	60	58	67	67	67	68	50	64	68	72	10	14	22	17	11
Andres_Fernandez	7878	182.88	190	72	21	19	19	28	15	20	18	14	39	26	60	54	57	72	64	24	69	48	70	19	49	33	20	36	28	19	20	16	73	70	67	70	78
Simao	8581	177.8	168	72	51	36	59	69	55	59	51	43	65	66	76	75	76	70	71	59	79	82	79	44	79	78	45	59	51	69	80	74	8	11	21	9	14
Angel_Montoro	8306	180.34	163	67	51	48	63	72	52	61	53	51	70	68	58	58	60	57	60	67	62	70	73	58	63	65	59	72	57	58	62	49	11	9	20	16	16
Victor_Sanchez_Mata	8558	175.26	159	71	66	52	50	79	52	66	69	64	73	74	67	71	74	73	76	66	76	73	61	58	70	66	66	77	58	58	70	63	6	8	17	15	12
Ever_Banega	8302	175.26	157	79	77	64	48	87	66	78	81	71	82	84	68	66	82	78	84	71	61	69	67	74	77	70	77	86	61	60	75	64	12	10	20	9	12
David_Lomban	7878	187.96	185	68	42	48	66	64	43	46	62	65	67	59	54	56	55	65	53	74	66	75	77	48	72	70	42	52	54	65	72	63	6	14	21	17	16
Kike_Sola	8315	182.88	176	70	63	72	73	69	64	67	57	58	56	69	69	67	67	68	68	75	64	57	71	67	62	46	71	64	61	36	40	37	5	11	20	8	6
Vicente_Guaita	8305	190.5	179	75	20	16	19	41	16	19	18	18	42	22	49	51	60	55	42	42	69	32	50	24	23	24	17	16	21	15	25	28	76	74	70	75	81
Steven_Nzonzi	8302	190.5	165	73	54	43	67	76	49	62	48	41	71	74	68	70	62	71	64	70	68	77	78	64	80	74	58	69	53	73	74	71	6	17	21	17	14
Laure	9783	165.1	150	71	73	40	57	62	53	62	60	38	60	68	77	79	74	74	84	64	73	77	62	25	68	72	48	58	52	72	70	70	8	9	24	10	13
Vicente_Iborra	8302	195.58	194	75	51	62	76	75	62	62	63	64	74	72	54	56	52	68	48	78	61	76	83	60	75	78	67	74	68	67	76	68	12	12	14	16	10
Alfred_N'Diaye	8603	190.5	176	67	50	43	55	67	30	54	35	31	64	66	63	74	50	67	49	54	41	72	87	58	67	62	53	62	53	58	70	60	10	9	16	15	11
Manucho	8370	187.96	183	72	54	68	83	58	67	67	60	45	46	74	64	76	64	71	62	76	76	62	86	64	73	35	74	46	60	18	26	18	8	11	19	16	9
Cala	8305	187.96	159	71	54	45	74	66	46	49	77	36	63	63	66	68	65	69	71	66	79	74	69	59	76	73	40	52	48	69	72	71	14	10	19	15	11
Ignacio_Camacho	9864	182.88	165	77	49	46	78	78	48	58	62	58	72	74	71	67	74	79	66	63	83	85	77	48	84	82	67	77	51	70	80	72	9	14	22	10	11
Mauro_Dos_Santos	8372	180.34	165	67	51	31	64	59	31	38	53	42	55	57	67	69	60	55	63	54	75	71	72	31	73	59	35	37	46	66	69	75	7	13	5	12	11
Mateo_Pablo_Musacchio	10205	182.88	165	74	46	37	75	69	26	39	51	38	64	62	63	67	68	74	65	46	78	70	72	33	73	76	49	64	48	74	74	80	5	13	17	9	14
Vincenzo_Rennella	8603	187.96	172	68	36	70	64	54	63	68	73	59	47	73	61	70	69	63	56	73	61	60	74	65	47	36	67	61	67	22	34	30	13	13	18	7	11
Luisinho	9783	175.26	137	70	74	50	57	71	44	72	62	52	66	73	75	72	72	69	77	58	52	71	56	53	72	68	64	63	51	66	70	68	7	7	12	7	11
Ricky_van_Wolfswinkel	8603	185.42	163	72	46	76	70	65	79	71	62	38	45	72	71	70	73	73	71	72	72	72	67	66	58	45	76	67	78	21	33	22	7	13	17	12	11
Sidnei	9783	185.42	181	73	52	45	76	64	42	47	35	36	62	60	57	62	54	68	49	56	57	69	83	48	75	71	43	52	57	74	76	73	8	16	20	11	15
Mariano	8302	177.8	152	73	77	53	62	73	57	74	67	54	69	76	83	85	81	73	69	69	68	80	66	62	70	67	70	68	59	68	71	74	8	13	19	10	14
Javi_Castellano	8306	180.34	157	67	40	33	63	71	32	45	42	39	64	64	63	57	61	56	56	51	58	81	70	43	73	71	40	62	43	62	69	64	10	9	15	7	11
Jonathas	8560	190.5	187	72	48	73	73	58	69	66	38	37	38	71	68	72	56	69	57	81	75	73	82	65	66	31	70	56	73	24	22	31	7	9	18	11	8
John_Guidetti	9910	185.42	174	72	47	74	63	70	66	68	67	66	52	73	70	70	65	71	68	81	68	64	76	72	73	35	75	57	76	22	25	24	11	12	13	5	10
Miguel_Lopes	7878	182.88	183	73	73	33	61	71	55	72	64	52	65	72	79	78	73	73	67	58	71	78	72	34	74	72	70	61	51	66	71	75	12	13	14	14	14
Ander_Iturraspe	8315	187.96	165	75	58	61	71	79	50	67	65	64	71	74	68	63	59	78	52	70	55	78	76	59	71	78	68	82	56	64	77	67	6	13	12	8	10
Lora	9869	167.64	148	72	74	59	54	71	56	68	61	60	61	72	85	82	84	75	84	66	81	83	64	62	74	68	62	67	67	67	66	71	12	15	12	13	13
Jordi_Feliu_Xumetra	8581	172.72	154	69	67	58	53	60	53	72	66	55	57	69	84	87	77	73	77	72	74	80	59	58	64	44	72	60	55	35	39	36	11	11	21	14	12
Sergio_Canales	8560	177.8	143	75	69	73	35	82	62	79	81	76	71	80	72	69	78	67	68	61	49	57	52	67	55	50	76	80	62	20	22	20	12	13	24	14	13
Antonio_Amaya	8370	193.04	190	72	39	25	77	60	21	35	26	22	61	52	40	51	38	66	43	31	60	64	88	23	77	75	44	52	30	74	74	63	12	9	16	15	11
Manuel_Lillo_Castellano	8372	175.26	168	67	64	48	59	62	50	50	54	46	54	66	65	68	63	66	68	54	69	75	70	48	72	70	52	49	60	66	67	67	11	10	9	7	5
Jordi_Alba	8634	170.18	150	78	78	68	57	73	63	79	76	63	66	76	88	87	88	78	81	62	74	84	63	63	69	71	68	68	58	67	71	74	11	16	18	9	15
Bernardo	9869	193.04	187	71	29	25	72	41	27	25	36	41	39	52	48	51	45	62	35	34	60	61	85	27	83	66	27	38	44	70	78	70	10	14	11	8	11
Miku	8370	185.42	176	71	51	73	67	57	70	73	63	59	49	72	75	75	67	74	64	72	71	70	72	64	59	32	73	56	65	40	34	36	9	16	20	10	13
Thimothee_Kolodziejczak	8302	185.42	165	69	70	21	61	71	25	55	48	33	64	68	73	75	68	69	58	44	64	75	72	42	70	68	56	52	49	66	69	71	13	8	18	16	9
Wakaso_Mubarak	8306	170.18	159	70	67	51	42	69	65	63	57	48	65	65	85	84	84	69	84	80	90	87	76	57	87	68	63	68	44	49	70	66	8	17	14	16	15
Coke	8302	175.26	159	73	73	56	75	67	41	63	59	34	60	71	75	79	77	80	61	65	72	80	67	57	68	74	61	61	60	66	72	69	9	11	21	8	17
Alejandro_Bergantinos	9783	177.8	161	69	49	33	47	68	44	57	57	48	62	65	62	63	61	70	68	56	71	78	77	46	73	73	56	70	56	62	75	63	9	12	19	11	14
Grzegorz_Krychowiak	8302	185.42	187	75	53	41	77	73	39	53	47	62	72	72	59	64	61	75	61	75	73	78	87	67	83	77	44	64	71	76	79	70	15	14	8	6	7
Xavier_Torres	8603	182.88	183	74	57	49	66	80	55	61	58	63	76	72	56	59	61	74	63	74	63	80	77	61	71	76	64	78	58	62	71	66	10	15	12	9	10
Sergio_Busquets	8634	187.96	168	81	65	58	67	83	44	73	66	63	76	81	61	58	58	82	62	59	68	82	76	49	83	83	75	85	61	75	81	79	5	11	24	12	15
Mikel_Balenziaga	8315	177.8	168	73	79	38	58	71	45	69	73	29	71	73	77	78	72	71	69	54	78	85	70	50	75	74	54	62	47	71	74	71	12	11	15	8	12
Keko	8372	172.72	150	69	67	57	39	65	58	74	66	56	60	73	80	75	79	64	77	62	64	64	55	56	54	38	62	63	54	23	34	30	13	12	10	9	8
Xabier_Etxeita	8315	185.42	174	70	34	27	69	56	33	43	32	41	46	57	58	64	63	66	59	37	77	73	78	32	78	65	35	44	30	70	68	75	5	9	13	11	9
Jaume_Costa	10205	170.18	137	70	74	42	58	67	35	64	67	59	64	72	78	80	78	67	78	60	70	80	60	60	76	68	60	54	55	67	68	69	9	11	18	10	14
Youssef_El_Arabi	7878	182.88	185	71	62	71	66	64	83	81	71	70	60	78	75	71	86	67	70	72	70	58	63	71	49	47	66	68	70	40	29	44	5	16	15	7	12
Jose_Canas	8558	177.8	152	73	53	34	47	74	26	43	46	53	69	63	66	65	57	74	69	41	68	80	70	47	78	78	56	71	47	69	79	70	12	12	14	11	10
Gael_Kakuta	8302	172.72	141	73	71	65	56	69	65	80	58	52	58	79	84	77	83	66	80	70	64	70	47	62	40	27	65	73	51	22	23	23	6	12	10	14	13
James_Rodriguez	8633	180.34	165	83	81	78	67	82	77	85	82	80	79	84	79	79	81	83	69	80	57	73	71	81	68	54	80	85	81	30	39	34	15	15	15	5	14
Abraham_Gonzalez	8558	177.8	176	68	66	57	46	77	49	59	78	69	78	68	55	54	61	62	61	74	39	68	61	71	58	55	63	72	61	52	58	48	9	9	12	11	10
Eneko_Boveda	8315	180.34	170	71	72	40	67	67	36	65	46	36	59	72	76	76	66	63	66	52	70	79	64	41	79	71	61	51	46	67	74	69	7	9	17	14	13
Rene_Krhin	7878	187.96	172	70	64	49	59	75	58	63	59	54	72	74	61	57	63	69	56	67	68	75	74	64	66	69	61	69	58	53	67	65	9	11	18	16	7
Jordi_Figueras	8603	185.42	181	70	46	21	71	64	18	44	32	37	65	59	44	55	47	65	55	52	68	70	77	21	74	71	41	52	29	69	72	70	10	11	11	15	15
Andreu_Fontas	9910	185.42	196	71	59	44	66	73	46	54	58	50	76	67	51	56	56	69	50	56	59	64	76	46	66	76	45	59	52	73	76	73	14	14	18	16	10
Lucas_Alfonso_Orban	10267	182.88	172	72	68	44	63	71	51	58	69	43	67	66	73	76	68	74	69	67	75	81	75	41	79	74	49	58	55	77	76	79	15	8	11	12	14
Jesus_Fernandez	7878	190.5	183	68	17	19	18	20	19	18	17	17	25	17	44	53	31	67	40	21	65	35	72	18	23	22	18	24	20	17	17	18	68	67	54	68	72
Iago_Aspas	9910	175.26	148	73	64	73	64	68	70	78	78	65	59	76	83	76	88	80	75	64	67	67	52	70	62	37	79	72	68	21	19	19	10	16	12	13	13
Jan_Oblak	9906	185.42	192	74	17	16	18	23	17	16	17	18	25	23	34	47	63	71	49	25	74	44	73	16	44	21	16	26	16	18	17	20	72	78	65	76	74
Izet_Hajrovic	8372	177.8	157	68	66	64	44	65	45	73	73	75	64	70	74	77	76	60	72	78	76	65	55	68	50	46	67	70	69	41	44	37	10	11	13	9	8
Stefan_Savic	9906	185.42	161	76	47	42	79	65	38	57	34	32	68	68	66	67	63	71	61	48	81	66	76	34	74	77	30	46	42	79	78	77	14	13	14	13	12
Willian_Jose	8306	185.42	196	70	44	70	64	61	65	71	60	62	45	70	66	64	58	70	54	75	51	66	76	67	44	41	75	65	73	28	36	34	14	14	17	15	8
Iker_Muniain	8315	170.18	139	77	72	75	45	73	64	83	80	63	64	79	88	82	85	82	86	65	71	65	54	70	63	49	79	73	61	32	38	33	9	7	12	14	13
Oscar_de_Marcos	8315	180.34	168	73	69	60	57	70	60	69	75	46	63	74	83	86	82	80	73	67	78	86	68	58	73	68	76	69	53	54	61	63	8	8	17	15	10
Marco_Andreolli	8302	187.96	179	74	31	28	74	57	30	37	31	26	54	54	65	66	59	67	59	61	82	67	79	29	73	74	39	42	43	76	78	75	11	12	13	7	15
Mikel_San_Jose	8315	185.42	170	76	45	44	78	76	52	56	29	40	73	68	56	64	54	75	57	57	75	66	77	39	71	76	38	60	56	71	78	79	9	7	15	9	16
Victor_Ruiz	10205	185.42	172	77	53	36	72	71	38	50	65	45	66	67	65	68	59	73	62	56	78	70	82	37	78	78	39	55	45	75	80	78	11	9	10	7	14
Mario_Gaspar	10205	177.8	154	71	72	47	53	65	52	62	70	53	64	68	74	78	70	71	70	64	74	82	73	54	75	71	56	56	49	68	72	74	7	13	13	10	15
Alvaro_Cejudo	8603	180.34	172	70	66	67	57	64	57	74	71	63	58	76	75	78	76	75	63	75	64	78	66	59	64	42	71	64	48	30	34	38	10	8	21	13	8
Tito	8370	175.26	137	72	72	42	50	65	35	60	35	41	65	68	76	77	75	74	69	58	76	82	57	35	75	73	50	56	46	71	74	76	11	13	21	11	15
Hugo_Mallo	9910	172.72	152	72	77	25	53	65	27	63	74	37	65	72	77	79	76	75	66	65	79	78	67	36	72	73	46	60	25	69	74	75	13	10	13	10	16
Dani_Castellano	8306	180.34	152	66	65	47	50	58	44	66	68	45	53	70	76	78	72	69	75	60	65	75	70	51	64	65	59	57	50	48	51	50	5	10	22	15	13
Stefan_Scepovic	8305	187.96	172	67	41	70	68	64	61	55	61	66	40	69	66	66	64	68	59	63	67	63	67	65	41	33	73	63	71	23	30	34	7	16	16	9	14
Tono	8581	177.8	152	67	73	40	50	65	40	65	71	50	61	68	79	80	75	67	74	50	72	72	62	51	56	66	55	59	53	65	65	70	14	12	6	9	14
Antoine_Griezmann	9906	175.26	148	79	78	79	62	71	77	84	83	71	73	80	84	82	85	78	69	70	76	71	56	71	59	35	80	72	63	23	22	16	13	9	17	14	15
Koke	9906	177.8	163	78	75	63	58	82	56	74	81	71	82	82	74	71	76	80	77	75	62	75	65	73	63	61	74	84	59	50	53	48	13	13	10	11	14
Marc-Andre_ter_Stegen	8634	187.96	187	77	20	18	16	29	16	20	19	16	37	26	43	51	42	77	43	31	79	33	72	16	52	20	17	32	29	16	18	15	78	77	75	73	80
Shkodran_Mustafi	10267	182.88	181	71	49	43	74	61	42	35	46	47	51	62	68	67	58	68	65	65	79	71	75	51	73	69	49	44	48	69	73	71	10	10	19	11	8
Javi_Lopez	8558	180.34	168	70	70	54	52	64	48	69	66	50	57	72	74	77	70	75	69	51	70	80	66	42	72	68	62	62	55	56	61	68	9	9	11	12	16
Mathew_Ryan	10267	182.88	181	70	18	18	19	43	19	19	18	18	48	29	61	58	59	75	58	22	77	39	75	22	45	23	19	33	34	20	21	20	70	66	70	69	72
Jose_Raul_Baena	8370	180.34	179	74	57	45	60	76	47	61	61	56	67	67	66	57	60	79	62	67	74	76	74	55	83	79	58	68	55	66	76	71	14	11	17	9	14
German_Pezzela	8603	185.42	179	66	27	46	68	57	31	36	45	24	55	54	60	54	44	66	49	53	71	65	73	50	61	63	26	21	31	66	68	68	6	8	12	9	14
Simone_Verdi	8372	170.18	137	69	63	60	42	67	62	74	66	49	57	74	89	85	91	65	90	59	58	68	35	63	38	25	66	62	57	22	27	26	12	10	7	15	9
Santiago_Vergini	8305	190.5	183	73	64	30	76	64	25	58	35	49	63	67	69	73	55	75	58	42	54	65	82	37	70	75	36	44	46	76	76	75	5	6	5	12	7
Jonathan_dos_Santos	10205	172.72	150	75	72	61	57	82	68	75	73	74	77	81	71	68	73	73	72	70	68	69	60	72	56	60	75	81	59	51	53	51	14	15	13	11	13
Juan_Dominguez_Lamas	9783	180.34	157	71	59	52	38	77	54	70	61	52	75	75	64	64	67	72	65	50	71	71	62	60	54	58	68	81	55	50	53	48	10	11	15	17	12
Aleix_Vidal	8634	177.8	152	72	68	60	40	66	48	75	60	47	57	74	87	90	77	73	73	79	77	86	66	60	76	43	68	63	50	26	36	28	7	6	7	11	11
Juan_Rafael_Fuentes	8558	177.8	154	65	63	23	55	53	25	55	57	39	58	62	74	76	71	62	70	57	73	78	68	43	69	62	33	49	35	69	65	65	12	13	20	13	17
Sergio_Ezequiel_Araujo	8306	180.34	163	70	59	74	60	62	67	77	67	55	56	75	77	75	80	72	69	66	58	76	58	67	26	24	70	64	62	25	21	26	12	12	15	7	15
Isco	8633	175.26	163	80	69	72	55	81	60	84	82	70	75	86	78	74	85	76	80	68	63	69	57	77	57	45	77	82	71	29	30	34	10	9	15	16	7
Alejandro_Arribas	9783	182.88	163	72	49	40	65	61	16	40	39	31	52	61	57	63	54	69	61	44	74	69	77	18	77	73	28	45	37	72	76	74	11	15	9	10	16
Yoel_Rodriguez	8370	185.42	185	65	20	17	16	24	18	17	21	16	33	23	51	56	61	61	49	25	71	48	64	18	44	26	19	40	25	16	18	14	68	63	63	61	67
Aymen_Abdennour	10267	187.96	185	78	66	53	74	72	33	56	46	38	65	66	70	70	61	76	66	70	72	72	88	59	83	75	52	51	50	80	79	79	11	7	6	7	14
Sergi_Enrich	8372	180.34	168	65	45	68	61	56	62	62	54	46	45	66	64	61	65	70	58	61	64	55	67	53	49	32	72	58	55	21	24	15	7	9	11	15	8
Francisco_Portillo	8603	170.18	139	72	65	54	38	74	56	74	63	55	68	75	78	74	78	75	77	58	62	68	52	60	41	29	71	74	48	22	21	21	12	15	13	16	12
Rodrigo	10267	180.34	170	76	64	76	71	65	74	77	75	61	56	75	83	85	80	78	69	78	73	70	70	73	61	30	77	66	72	25	27	27	7	14	11	12	6
Enzo_Roco	8558	187.96	181	71	39	40	75	67	28	60	26	31	50	65	61	62	50	64	61	44	89	71	86	38	64	66	40	48	33	74	73	60	12	8	12	12	12
Tomas_Pina	10205	185.42	172	72	50	45	62	77	56	65	61	52	72	73	65	66	72	73	65	71	69	75	72	62	77	72	62	80	57	58	71	62	7	13	16	8	15
Lucas_Perez	9783	180.34	172	75	71	74	58	77	72	77	79	81	72	77	77	79	74	73	76	76	63	70	69	72	70	37	72	76	72	23	23	25	13	7	7	9	9
Marc_Bartra	8634	182.88	163	72	49	40	70	73	42	56	55	44	67	70	67	70	66	74	69	55	77	63	70	34	62	77	56	56	50	75	74	76	9	15	16	13	9
Damian_Suarez	8305	172.72	165	72	69	55	52	68	55	62	70	64	66	63	79	83	82	71	80	66	81	88	76	62	81	72	58	51	64	67	67	79	15	8	8	14	6
Daniel_Gimenez	8603	182.88	170	67	17	19	17	26	14	18	16	17	38	20	60	59	63	68	60	20	78	49	63	17	52	27	17	34	30	16	19	15	70	60	59	61	75
Ognjen_Vranjes	9869	182.88	163	65	55	30	70	65	53	54	57	47	57	58	65	69	66	63	69	67	73	71	58	55	68	66	57	55	57	64	63	63	8	10	14	7	14
Luis_Alberto	9783	182.88	159	70	65	70	44	78	55	73	67	59	72	77	68	66	67	69	55	59	46	61	53	70	28	27	66	72	57	23	24	19	5	7	5	11	10
Borja_Baston	8372	190.5	181	66	37	73	67	47	67	66	56	45	40	65	63	69	61	64	40	57	56	58	68	57	48	23	68	49	60	19	22	20	5	10	13	10	14
Diego_Reyes	8560	187.96	163	72	57	46	73	66	40	64	42	37	65	69	70	72	68	71	66	60	68	77	69	54	72	75	50	57	53	73	74	73	7	13	11	6	7
Cedric_Bakambu	10205	182.88	161	70	61	72	68	64	67	71	59	49	47	71	80	82	75	66	70	75	69	63	69	54	50	38	73	58	67	25	23	21	5	12	5	13	5
Leandro_Damiao	8603	187.96	203	76	45	79	81	62	76	73	64	57	53	75	61	74	55	72	52	79	65	66	84	73	67	29	78	59	72	32	39	29	15	7	15	9	17
Antonio_Luna	8372	177.8	150	71	67	50	60	63	46	64	57	39	61	71	76	81	69	69	69	74	80	84	73	48	82	71	55	54	39	66	71	74	6	12	5	15	8
Sergio_Alvarez	9869	182.88	159	65	47	47	44	70	41	62	58	49	71	73	67	68	56	55	67	50	54	69	60	60	52	50	60	73	38	48	59	45	11	12	15	15	7
Asier_Illarramendi	8560	177.8	168	72	63	52	54	79	60	72	68	62	76	77	68	65	72	68	73	64	54	71	63	58	62	65	70	78	49	53	61	55	13	9	18	15	13
Guerrero	9869	180.34	170	62	42	65	60	54	56	61	55	49	45	60	69	71	63	68	63	56	62	64	58	57	49	33	65	55	55	22	21	15	10	8	14	16	13
Danilo	8633	182.88	172	77	78	68	68	78	65	78	73	71	75	79	79	85	78	79	63	83	76	82	74	80	73	78	77	73	70	74	76	77	14	5	15	14	5
Casemiro	8633	182.88	176	75	51	58	77	77	50	67	54	69	76	73	66	68	67	71	60	83	85	78	81	71	79	78	65	66	64	65	77	71	12	13	15	11	11
Aras_Oezbiliz	8370	175.26	154	73	70	70	38	70	70	78	76	73	62	77	82	79	82	69	74	78	70	65	55	76	37	41	64	66	73	19	27	22	9	11	13	6	10
Oscar_Duarte	8558	182.88	183	70	39	21	73	56	31	45	27	31	49	55	64	69	55	66	50	46	73	66	77	23	74	65	27	39	36	71	72	69	14	8	6	7	13
Sergio_Escudero	8302	175.26	159	70	72	36	59	67	50	68	71	65	66	71	76	78	76	67	72	70	71	78	63	57	69	68	58	56	65	68	69	74	8	15	12	13	14
Bebe	8370	190.5	183	68	55	66	64	63	67	75	66	60	53	71	77	83	67	65	54	77	64	62	77	64	55	22	62	54	62	22	22	23	14	6	7	6	10
Alphonse_Areola	10205	190.5	201	70	21	20	19	36	19	17	20	19	33	22	54	52	53	61	55	27	59	28	61	18	24	24	19	27	29	20	21	18	72	69	69	70	73
Sergi_Roberto	8634	177.8	157	72	63	63	47	81	44	70	68	60	72	76	71	69	71	71	72	65	55	69	63	67	54	59	70	81	56	50	58	41	13	15	10	14	9
Ibai_Gomez	8315	177.8	159	74	73	72	46	63	71	79	79	74	68	78	80	78	82	71	76	80	63	76	61	76	56	41	73	67	63	43	49	50	13	7	12	6	10
Nolito	9910	175.26	159	77	72	74	45	72	63	84	81	76	67	80	82	79	84	79	80	70	63	68	61	71	67	51	78	74	69	28	37	24	10	15	12	8	8
Alvaro_Vazquez	8305	182.88	165	73	50	74	72	55	68	73	67	53	53	77	71	74	71	72	68	75	70	65	70	67	63	36	76	58	65	16	38	24	6	15	6	8	13
Nacho_Fernandez	8633	177.8	165	71	60	21	63	65	27	44	54	36	57	65	70	74	58	66	59	53	73	75	74	27	67	77	36	54	44	69	76	73	11	6	9	14	6
Diego_Marino	8581	185.42	165	70	21	20	20	28	20	18	19	18	27	20	43	51	47	67	55	38	71	40	62	22	21	21	16	30	22	19	19	18	69	71	58	71	74
Charles	9864	177.8	165	71	50	72	61	54	85	67	78	52	41	80	70	69	89	74	68	75	89	68	68	68	56	19	72	54	58	33	41	26	7	8	15	8	10
Martin_Montoya	8603	175.26	159	73	75	24	55	70	47	67	72	46	68	73	82	83	78	72	79	73	76	84	67	57	76	74	59	57	49	71	72	74	5	15	19	9	9
Carles_Planas	9910	172.72	168	66	66	31	52	64	22	56	61	49	56	70	71	74	71	71	72	49	78	77	66	36	71	71	51	46	50	66	61	64	14	10	14	11	13
Isaac_Cuenca	7878	172.72	148	72	74	63	25	72	54	80	83	53	66	80	78	77	85	60	78	57	61	54	47	55	34	26	61	64	63	23	29	26	12	6	14	14	8
Ruben_Rochina	7878	182.88	168	68	65	69	54	67	68	71	70	65	64	72	69	70	61	63	70	74	66	67	71	69	60	37	72	61	63	21	48	35	6	16	14	13	13
Saul_Berjon	8372	177.8	183	68	61	66	55	63	60	72	64	53	59	71	77	78	66	64	62	71	77	60	76	68	61	44	70	57	65	23	22	19	13	12	13	9	12
Jonathan_Viera	8306	170.18	141	73	65	66	31	75	54	81	75	69	67	79	78	74	88	70	78	61	69	65	57	68	56	26	72	75	66	18	18	17	15	16	11	14	9
Vitolo	8302	182.88	174	73	70	70	57	71	49	77	67	56	67	79	75	79	71	71	61	67	59	71	75	68	58	24	74	71	66	24	19	22	10	15	7	13	15
Anaitz_Arbilla	8558	177.8	165	69	71	27	62	59	33	56	55	58	56	66	69	76	60	67	69	72	76	80	79	49	79	68	47	56	46	65	72	66	13	7	14	12	8
Vicente_Gomez	8306	187.96	172	66	47	50	66	73	47	59	42	49	67	70	55	53	61	62	48	56	45	64	71	58	55	56	57	72	45	50	64	45	14	12	8	5	15
Juan_Carlos	9864	177.8	159	71	68	56	45	64	77	77	72	49	54	77	84	85	83	78	74	67	75	71	56	61	58	48	72	51	54	39	50	48	9	8	10	7	5
Raphael_Varane	8633	190.5	172	78	36	38	81	71	38	53	46	52	71	70	64	72	54	75	50	50	74	69	79	49	72	81	39	54	42	78	80	80	11	11	9	5	14
Jose_Recio	9864	182.88	163	70	58	56	56	77	54	68	76	66	71	74	68	66	70	67	61	70	58	74	65	70	51	58	67	74	54	48	61	48	9	13	8	9	8
Mateo_Kovacic	8633	177.8	170	76	73	57	48	85	71	83	79	71	78	85	82	77	79	74	76	73	61	73	57	73	63	53	68	83	58	39	55	52	9	5	6	7	7
Cristiano_Biraghi	7878	182.88	172	66	63	40	56	60	51	59	52	46	53	61	77	81	73	66	66	73	71	84	67	66	64	65	51	48	43	61	67	67	12	6	14	10	7
Cristiano_Piccini	8603	182.88	170	65	65	23	61	60	29	62	29	37	48	61	70	70	64	57	54	31	60	68	75	26	54	66	57	41	27	68	68	70	8	9	5	7	11
Isma_Lopez	9869	180.34	165	68	73	61	44	60	53	73	68	66	61	70	78	80	75	65	70	63	63	67	58	61	52	49	69	61	58	38	37	36	5	13	12	10	7
Pablo_Sarabia	8305	175.26	154	73	71	66	49	71	49	78	78	71	64	77	79	78	80	68	82	61	54	60	49	68	31	24	69	71	60	25	26	27	15	6	14	5	13
Francisco_Alcacer	10267	175.26	157	76	53	81	71	68	76	71	74	57	51	78	78	73	78	76	78	74	69	67	61	67	59	26	84	64	71	30	21	29	12	14	14	8	5
Borja_Ekiza	8372	180.34	161	74	39	33	62	66	17	26	35	31	49	59	68	70	63	76	64	33	85	69	79	33	79	75	47	56	47	76	76	78	7	6	8	13	13
Rafinha	8634	175.26	157	73	58	68	50	74	65	81	63	60	66	79	77	74	78	73	72	69	74	76	66	72	41	55	71	73	62	38	59	48	10	5	14	12	6
Nacho_Cases	9869	175.26	146	72	60	58	43	78	55	65	75	67	79	74	69	63	70	68	79	70	64	76	68	70	58	64	65	76	59	50	64	58	7	8	7	6	7
Christian_Atsu	9864	172.72	150	75	69	66	49	69	57	80	68	43	60	75	93	90	88	74	91	70	67	64	47	64	47	29	73	66	70	23	25	21	12	11	11	9	8
Hernan	8306	180.34	161	66	57	50	63	70	35	52	43	46	61	68	61	64	59	62	60	53	68	74	67	53	71	63	49	63	41	56	70	61	14	7	10	13	13
Jota	8372	180.34	154	66	54	60	40	69	39	72	63	65	69	72	69	66	76	63	69	56	58	58	57	63	48	28	64	65	53	18	25	19	13	13	12	5	7
Geronimo_Rulli	8560	187.96	176	75	24	24	24	31	24	24	24	24	22	23	54	48	39	71	50	23	66	46	70	24	25	20	24	28	26	24	24	24	77	73	67	73	78
Pablo_Hernandez	9910	185.42	179	71	44	72	55	74	69	73	73	67	72	73	85	83	72	62	55	69	70	75	76	70	59	33	73	65	60	24	34	26	5	14	8	14	9
Sergio_Alvarez	9910	177.8	165	66	18	17	20	31	15	17	15	19	41	22	46	52	55	56	52	28	74	51	64	19	46	28	17	39	32	19	17	15	65	65	68	68	67
David_Junca	8372	175.26	148	61	54	38	54	48	44	52	63	45	42	55	79	75	75	57	72	60	69	68	55	45	62	58	54	36	54	53	57	60	9	8	15	7	8
Juan_Carlos	8370	187.96	181	63	15	15	16	27	12	14	19	16	29	16	54	57	55	54	55	27	66	45	57	13	16	22	17	22	18	16	17	11	67	58	55	60	68
Gerard_Moreno	8558	177.8	165	67	54	71	58	57	59	65	52	40	41	67	70	67	71	67	70	73	72	63	64	60	36	26	71	52	70	27	25	27	14	11	6	11	9
Alhassane_Bangoura	8370	175.26	159	75	71	66	45	65	57	81	40	44	59	78	90	88	91	76	79	80	85	71	62	55	65	34	75	63	49	21	20	20	10	6	6	7	5
Alvaro_Gonzalez_Soberon	8558	180.34	150	72	57	21	73	59	30	46	55	44	56	62	72	75	67	70	65	46	85	77	71	25	83	74	44	46	35	66	72	78	7	12	11	11	7
Adnane_Tighadouini	9864	177.8	159	69	65	67	50	62	61	77	75	57	54	74	77	75	75	66	70	74	74	67	63	68	47	25	64	66	70	29	36	23	10	5	10	11	7
Dimitri_Foulquier	7878	182.88	172	66	65	46	53	65	44	65	56	39	63	66	73	77	67	58	65	57	69	70	72	51	65	64	58	49	54	65	70	71	10	6	5	9	13
Iago_Herrerin	8315	187.96	198	66	17	18	17	18	16	20	17	18	31	20	44	38	59	60	55	16	58	48	79	19	35	24	18	32	25	17	18	14	65	73	58	68	63
Moi_Gomez	8305	175.26	143	69	64	60	47	75	59	72	72	62	71	72	73	72	72	62	74	68	62	59	53	62	45	35	63	73	61	39	35	32	11	6	15	6	6
Bruno_Gonzalez	8603	185.42	190	69	20	22	68	57	22	32	48	30	58	60	45	56	36	59	32	62	59	75	87	21	71	65	35	34	41	71	74	66	11	8	7	12	7
Manuel_Trigueros	10205	177.8	154	73	65	62	62	77	59	73	74	72	72	76	73	69	77	72	71	70	73	73	59	75	53	48	69	72	58	47	53	50	8	13	11	6	7
Faycal_Fajr	9783	177.8	159	72	72	64	48	76	64	74	76	76	72	75	71	69	74	69	72	66	53	68	64	63	57	30	68	75	71	50	52	53	14	11	13	14	5
Angel_Trujillo	8581	177.8	174	67	33	24	56	51	23	35	37	39	47	53	61	66	58	61	62	34	79	75	77	26	75	67	38	44	35	65	72	65	7	13	15	10	8
Aleksandar_Pantic	8372	185.42	168	71	65	32	68	62	30	52	52	53	59	60	74	76	57	68	55	48	72	77	72	37	80	73	48	39	46	68	72	78	8	11	10	7	11
Jese_Rodriguez	8633	177.8	161	74	67	72	43	67	54	83	73	66	60	84	88	83	89	68	74	68	70	65	56	72	28	32	70	62	65	19	22	17	12	6	5	12	14
Denis_Suarez	10205	180.34	159	71	66	62	49	77	58	75	68	65	72	78	70	73	67	65	70	64	64	59	58	61	46	48	68	74	62	36	46	44	9	13	9	6	6
Alvaro_Vadillo	8603	180.34	154	69	66	56	47	60	46	82	66	50	57	78	89	85	83	51	70	56	66	62	48	67	45	38	54	50	58	22	25	24	5	6	12	9	6
Zouhair_Feddal	8581	190.5	172	66	48	30	68	59	28	42	27	28	54	61	44	50	45	49	33	48	59	63	76	32	66	66	31	34	37	69	72	58	13	14	12	10	8
Daniel_Carvajal	8633	172.72	161	75	77	32	51	71	32	71	72	47	65	76	80	83	80	75	81	60	79	83	67	28	77	75	55	56	45	75	74	75	13	13	15	9	15
Inigo_Martinez	8560	180.34	170	77	30	40	75	66	36	51	68	36	71	65	75	75	67	72	64	79	87	76	75	71	82	77	35	46	33	78	77	82	11	15	10	12	10
Ruben_Pardo	8560	182.88	150	72	53	52	44	80	41	69	73	71	79	75	68	67	77	74	83	73	64	66	47	68	58	58	63	75	63	46	57	50	6	12	7	10	6
Alex_Menendez	9869	180.34	148	63	66	47	51	60	42	59	64	48	51	65	73	74	65	59	58	67	61	73	71	65	59	62	43	53	49	60	58	62	12	5	12	8	6
Fran_Rico	7878	177.8	159	69	57	47	53	76	49	56	66	64	70	70	67	64	66	74	71	54	59	66	60	56	69	73	53	74	58	51	76	62	8	13	7	12	6
Ivan_Lopez	8581	175.26	152	68	69	41	45	64	36	69	56	37	58	69	79	80	75	69	79	54	71	76	63	51	64	67	55	57	45	65	70	72	13	10	10	9	9
Wilfried_Zahibo	10267	190.5	176	61	44	39	56	62	35	42	38	44	60	59	58	68	58	62	37	50	64	63	71	39	60	55	43	55	55	50	55	57	14	14	14	11	13
Pedro_Bigas	8306	180.34	172	68	64	49	47	63	43	50	45	42	60	60	75	76	66	68	64	61	74	79	71	46	72	72	57	46	48	73	73	71	14	13	8	12	10
Roque_Mesa	8306	167.64	141	68	60	52	31	72	33	63	45	47	64	69	76	79	78	71	83	57	60	84	64	53	73	66	60	67	41	55	55	55	14	7	6	10	8
Luciano_Dario_Vietto	9906	172.72	154	75	66	77	66	75	72	80	71	68	63	79	78	78	77	72	82	74	75	75	52	72	58	32	76	71	68	35	46	44	13	13	7	7	11
Igor_Lichnovsky	9869	185.42	174	66	31	24	70	52	25	43	25	26	46	52	62	64	46	59	52	39	79	64	76	22	65	59	37	33	30	66	70	67	9	8	11	14	14
Josip_Radosevic	8372	180.34	163	66	42	40	60	66	48	50	52	50	61	61	61	67	59	64	71	65	64	69	75	47	73	68	52	60	46	66	67	61	13	6	9	10	12
Sergio_Rico	8302	193.04	194	67	22	21	20	22	21	21	27	23	23	19	42	50	58	62	61	23	60	31	67	20	26	22	20	31	25	23	20	20	70	67	64	65	70
Nabil_Ghilas	8581	182.88	187	74	64	76	74	67	71	72	64	40	56	73	71	74	73	72	66	78	67	77	83	63	79	37	75	64	74	26	27	24	10	15	7	6	5
Roger	8581	177.8	163	68	46	65	60	57	71	62	41	43	38	66	78	77	76	63	68	81	74	67	70	59	49	23	70	52	66	19	24	22	14	12	14	13	7
Sebastian_Cristoforo	8302	172.72	154	71	54	35	56	76	35	57	61	34	78	70	71	68	74	62	87	70	62	67	57	67	81	75	60	65	60	69	73	72	8	13	11	13	14
Saul_Niguez	9906	180.34	154	73	48	56	67	81	37	57	51	54	70	76	70	68	75	73	68	55	63	73	70	55	66	71	59	65	52	62	72	68	6	12	11	9	8
Roberto_Correa	8558	182.88	168	61	65	37	47	54	40	44	42	43	51	55	69	74	68	51	76	63	68	76	62	35	67	60	43	53	40	66	57	62	13	9	11	11	8
Oliver_Torres	9906	175.26	139	75	57	57	52	82	45	84	75	63	75	83	78	71	86	75	82	47	62	60	34	58	44	56	71	82	64	31	50	37	6	6	13	5	7
Hugo_Fraile_Martinez	9869	175.26	161	64	58	63	51	57	53	62	62	66	54	62	77	76	71	71	63	70	70	76	57	57	42	48	61	57	63	39	46	38	6	16	22	9	16
Ruben_Vezo	10267	182.88	176	69	41	31	68	59	42	45	39	31	47	54	65	66	67	61	67	57	80	59	79	37	68	70	32	46	53	69	72	70	10	5	11	8	13
Matheus_Doria	7878	187.96	181	73	38	21	78	67	20	38	21	29	61	62	38	39	38	65	47	57	62	69	79	31	77	76	41	33	41	75	76	71	12	11	10	11	13
Rodrigo_De_Paul	10267	177.8	150	69	67	63	46	74	46	74	63	52	71	74	75	72	71	65	69	76	58	65	64	69	49	27	58	67	53	42	47	53	12	11	9	6	13
Mauricio_Cuero	8581	175.26	170	68	67	62	59	59	51	72	69	32	57	70	85	84	77	59	76	70	61	77	64	55	32	23	63	60	53	23	24	25	14	11	15	11	13
Abdoulaye_Doucoure	7878	182.88	165	65	51	51	58	68	35	62	30	32	62	66	66	64	61	61	64	64	71	68	69	53	67	64	50	63	44	56	67	60	14	11	11	14	13
Yannick_Ferreira-Carrasco	9906	180.34	146	75	74	69	52	74	64	78	75	76	69	76	83	81	90	75	69	78	66	69	56	73	42	17	66	67	72	20	24	21	8	10	8	9	9
Leo_Baptistao	10205	180.34	157	74	62	73	70	69	62	79	71	57	50	80	75	76	78	77	67	68	68	65	67	70	35	22	79	65	63	21	22	21	7	13	8	5	8
Ruben_Duarte	8558	180.34	165	58	57	27	51	55	24	48	56	59	34	52	66	64	59	54	65	31	56	62	55	29	54	57	42	30	39	57	59	65	9	11	13	10	8
Antonio_Cotan	8302	172.72	150	63	47	34	41	76	41	56	63	41	67	70	64	67	69	60	79	56	59	51	45	54	47	45	54	71	43	42	48	51	8	9	13	12	6
Sergi_Gomez	9910	185.42	170	67	33	34	70	68	36	48	51	45	68	64	59	58	62	72	58	44	63	60	70	46	58	73	50	53	40	63	66	67	14	15	10	10	6
David_Simon	8306	175.26	150	68	68	34	56	67	35	62	57	39	57	66	76	80	62	62	75	51	72	83	67	44	75	65	60	42	37	68	62	71	14	11	6	7	10
Omar_Mascarell	9869	180.34	165	66	43	52	43	74	53	68	62	63	69	77	68	65	80	60	67	53	56	60	62	64	55	61	61	66	76	51	61	56	5	6	8	9	10
Lucas_Vazquez	8633	172.72	152	70	71	67	48	67	42	72	66	67	60	69	84	79	74	77	74	60	67	68	54	61	53	26	74	59	55	22	29	22	8	15	8	8	6
Quini	8370	180.34	159	56	34	56	55	42	0	45	0	32	40	53	53	67	0	43	0	56	0	52	56	47	55	52	36	0	56	23	23	0	18	23	40	23	23
Denis_Cheryshev	10267	177.8	163	74	75	70	55	71	63	75	63	60	65	75	82	81	80	70	70	68	70	74	65	67	61	53	71	76	63	48	49	48	15	6	13	6	7
Johny	9910	175.26	154	68	70	26	53	56	42	59	58	53	58	68	77	80	74	61	75	62	72	77	68	43	66	69	51	47	46	67	70	72	6	9	11	9	5
Bruma	8560	172.72	146	75	67	64	51	68	58	82	73	66	61	77	90	92	91	74	87	73	64	69	63	65	55	24	71	67	71	21	26	22	10	12	7	11	7
Aderlan_Santos	10267	193.04	183	72	33	33	75	49	45	48	50	53	46	56	51	56	54	64	44	79	67	62	81	69	76	73	26	33	59	74	77	71	9	12	12	7	11
Joao_Cancelo	10267	182.88	159	69	70	39	59	68	42	75	65	62	56	70	79	80	75	68	72	69	67	69	60	50	69	71	65	58	45	66	70	69	5	8	14	13	13
Andre_Gomes	10267	187.96	185	74	54	62	69	79	55	75	63	60	75	76	61	65	61	70	51	75	54	72	81	69	77	70	67	75	54	62	70	60	11	8	5	13	7
Nicolas_Lopez	7878	177.8	165	72	63	72	57	70	72	82	71	55	53	83	82	78	82	70	73	71	64	65	49	70	39	23	70	63	68	24	23	23	6	8	10	12	8
Jose_Mari	8581	182.88	154	69	55	48	58	72	58	65	63	50	69	73	66	67	61	66	68	68	63	78	67	65	75	73	59	65	51	58	73	63	7	13	11	5	13
Victor_Romero_Rodriguez	8305	170.18	154	73	67	66	38	69	50	79	67	66	62	78	81	78	77	70	77	62	40	71	61	65	50	32	75	71	61	32	44	41	11	10	14	10	8
Eddy_Israfilov	8372	190.5	176	64	43	47	51	67	46	66	53	49	56	73	66	70	74	64	59	71	71	75	75	56	68	64	51	62	46	51	63	66	13	9	13	8	5
Luis_Hernandez	9869	182.88	163	68	75	36	63	62	32	53	57	41	71	69	74	75	64	64	62	72	75	77	72	48	70	69	50	54	43	66	66	64	7	6	10	7	8
Ruben_Garcia	8581	170.18	159	73	66	63	57	71	57	79	69	65	58	79	85	78	83	72	81	73	70	70	57	69	59	35	70	71	64	27	40	33	8	13	12	13	9
Wanderson	8305	175.26	146	64	60	47	31	61	49	72	58	53	57	70	81	76	79	61	80	50	71	42	40	57	26	22	54	59	49	22	22	18	14	13	8	14	9
Jose_Gaya	10267	172.72	141	71	76	51	58	68	48	70	74	48	69	72	83	83	82	68	86	48	72	75	54	50	64	72	63	60	51	67	71	70	12	9	8	11	8
Emiliano_Velazquez	8305	185.42	174	70	23	29	56	58	27	34	24	25	63	57	69	65	42	62	54	38	78	62	74	26	68	73	28	34	36	70	77	74	6	13	9	10	12
Alen_Halilovic	9869	170.18	143	73	68	62	24	80	60	78	80	69	72	76	81	76	80	73	80	63	63	58	41	72	40	54	70	80	75	46	52	55	15	11	11	13	10
Ruben_Blanco	9910	187.96	154	63	19	19	17	34	20	18	19	15	28	23	54	54	54	58	57	35	62	44	46	17	21	21	15	23	21	21	14	14	66	72	55	59	60
Nacho_Martinez	8370	175.26	152	73	73	43	56	59	46	63	65	53	61	71	89	89	83	72	89	83	85	84	56	64	83	73	63	53	40	73	67	77	12	11	10	13	7
Hector_Hernandez	8560	172.72	157	61	65	44	46	58	44	59	58	59	51	60	76	74	73	58	69	51	60	70	63	41	69	61	57	51	35	54	57	61	13	9	15	8	9
Aymeric_Laporte	8315	187.96	187	76	30	24	73	66	29	43	49	55	74	66	58	61	50	70	49	46	74	62	78	26	70	81	33	47	34	77	80	78	10	11	5	14	5
Matias_Kranevitter	9906	177.8	165	68	56	41	54	70	32	64	46	45	68	68	65	66	64	66	69	60	64	77	66	43	71	68	47	57	45	67	69	68	11	12	6	5	6
Diego_Llorente	8370	185.42	163	65	51	31	61	61	31	38	30	35	57	55	63	62	49	60	55	45	68	62	67	29	66	68	37	46	53	64	68	67	7	11	10	8	6
Nemanja_Radoja	9910	185.42	170	72	43	35	48	76	31	48	36	35	76	66	63	61	58	76	55	51	64	65	67	41	76	73	35	66	41	72	72	65	10	12	11	8	6
Jozabed	8370	180.34	148	65	51	51	50	70	41	58	49	51	60	66	62	62	62	68	60	61	64	70	60	59	67	60	62	70	46	50	64	53	7	9	8	7	12
Santi_Mina	10267	177.8	157	69	57	75	63	57	66	73	51	54	39	71	70	72	73	66	72	62	72	67	48	61	51	30	72	59	65	21	30	27	8	7	13	7	14
Zakaria_Bakkali	10267	165.1	132	70	60	65	29	67	67	82	75	63	53	75	86	80	87	62	92	67	66	55	32	69	34	16	57	59	57	13	17	20	11	6	16	12	16
Ricardo_Horta	9864	172.72	134	67	57	68	50	61	57	71	65	47	50	69	78	75	81	67	75	70	62	64	48	59	40	26	67	62	69	23	23	23	6	8	9	7	12
Angel_Correa	9906	175.26	154	75	67	72	53	70	57	82	76	63	67	81	87	85	87	73	86	76	54	80	52	75	40	44	71	72	53	45	50	43	12	9	8	7	15
Dani_Garcia	8372	180.34	165	69	55	48	48	75	36	61	63	56	74	73	59	59	67	63	64	55	61	73	65	54	75	63	59	70	57	54	63	54	5	13	13	5	10
Thomas	9906	185.42	161	67	40	46	63	68	35	56	45	38	61	67	71	69	65	61	60	68	80	80	78	58	74	68	44	58	45	55	73	66	10	12	8	8	6
Gonzalo_Escalante	8372	182.88	165	65	58	49	43	66	58	63	62	51	58	66	69	70	65	66	65	63	56	77	66	54	66	64	56	58	63	58	62	60	9	11	6	11	10
Ager_Aketxe	8315	175.26	152	68	62	65	54	76	52	73	73	74	73	75	67	58	77	65	84	59	45	48	46	66	52	45	67	69	58	41	49	51	14	13	11	14	7
Varela	8603	175.26	150	64	68	36	53	59	29	50	62	52	55	64	78	83	78	58	83	51	74	72	44	36	66	62	56	49	50	63	62	65	15	11	6	14	13
Xabi_Irureta	8372	180.34	163	68	25	23	23	31	25	23	24	21	26	21	61	65	63	65	62	38	77	44	59	24	36	25	23	27	21	23	24	24	73	64	65	62	75
Ander_Capa	8372	172.72	154	68	66	58	56	63	47	71	52	53	58	70	84	86	79	62	81	81	82	75	71	63	72	36	68	59	53	37	40	37	11	12	5	11	10
Burgui	8558	182.88	157	65	61	68	56	66	50	74	57	58	61	73	63	62	52	55	62	53	50	48	47	67	32	23	59	65	63	23	27	20	5	7	9	11	9
Theo_Bongonda	9910	177.8	157	66	59	53	42	61	55	74	52	55	54	72	82	79	83	64	65	59	63	55	41	55	29	29	61	54	58	22	29	28	11	14	8	14	6
Jefferson_Lerma	8581	177.8	154	66	59	55	53	65	49	61	48	62	62	65	73	76	70	69	67	70	66	86	64	62	74	66	56	59	45	59	65	62	15	13	10	6	8
Antonio_Sanabria	9869	180.34	154	70	58	73	70	61	52	70	45	37	48	75	76	77	75	64	74	74	69	70	64	61	32	21	68	63	69	21	21	19	8	14	9	14	13
Jose_Gimenez	9906	185.42	176	75	46	36	70	59	29	41	35	43	57	53	67	71	56	61	54	71	84	71	80	47	83	76	23	26	37	77	80	78	8	10	6	9	14
Samuel_Garcia	10205	177.8	161	66	56	61	56	62	55	67	60	47	56	67	75	69	70	63	68	72	68	57	59	58	47	20	64	57	60	18	20	17	8	9	7	12	7
Federico_Nicolas_Cartabia	9783	170.18	143	73	71	64	52	76	60	82	76	73	61	78	82	73	85	64	83	67	66	59	39	70	66	41	68	68	67	31	40	32	7	5	5	15	13
Deyverson	8581	187.96	172	69	43	71	72	51	60	62	42	30	39	66	73	78	59	73	49	69	68	63	72	59	68	28	74	49	60	24	29	28	6	14	10	8	10
Raul_Albentosa	9864	193.04	196	69	36	44	75	49	54	31	31	36	51	52	40	51	46	66	37	43	63	63	91	30	62	65	29	38	41	70	76	60	11	14	10	11	10
Jose_Luis_Morales	8581	180.34	154	71	71	63	48	66	60	81	75	71	59	75	82	82	74	64	73	75	62	69	51	74	58	37	66	68	65	33	40	35	13	12	12	15	7
Edgar_Antonio_Mendez	7878	187.96	165	65	66	57	67	64	62	63	53	32	52	66	73	75	52	58	59	65	67	61	80	60	63	26	69	63	67	30	31	23	12	15	10	5	13
Raul_Lizoain	8306	187.96	176	63	14	16	18	18	12	18	18	18	21	20	47	56	63	55	57	34	66	48	54	17	23	19	18	19	23	13	14	15	62	61	54	66	66
Javier_Noblejas	8305	187.96	170	63	67	29	59	58	31	45	52	56	58	61	57	73	49	55	44	50	54	66	72	33	57	64	47	44	40	66	66	63	14	15	12	9	16
Salva_Ruiz	7878	177.8	161	62	70	24	45	60	24	52	62	43	57	60	70	70	65	57	63	32	66	70	60	22	59	66	53	44	35	62	65	58	14	12	15	5	13
Sandro_Ramirez	8634	175.26	157	68	53	73	56	65	61	72	63	54	48	75	76	77	87	60	84	66	72	65	68	64	61	27	76	55	66	23	24	23	11	15	9	5	7
Adrian_Embarba	8370	172.72	146	66	68	63	46	66	44	71	47	49	63	68	76	72	70	55	72	61	61	53	53	60	53	31	62	59	55	27	34	29	12	5	5	13	10
Tana	8306	167.64	152	66	59	62	28	76	54	73	66	61	63	71	70	66	73	46	83	52	58	51	37	62	23	20	65	59	64	21	22	20	7	11	7	8	14
Joseba_Zaldua	8560	175.26	157	66	67	23	64	60	22	50	47	40	51	59	75	77	63	61	74	47	68	65	54	39	72	69	49	33	31	63	68	65	6	14	13	10	10
Jaume	10267	187.96	168	69	19	16	19	30	22	17	25	17	31	18	43	33	37	59	54	24	63	43	64	22	21	25	19	36	25	16	17	16	73	72	68	66	70
Robert_Ibanez	7878	170.18	148	70	73	64	52	72	62	70	65	52	69	72	76	75	78	63	81	69	50	59	49	65	52	55	70	70	63	51	52	48	10	9	8	11	10
Jonathan_Rodriguez	9783	180.34	172	73	60	77	60	64	74	70	66	47	57	72	83	78	75	73	77	77	58	67	74	73	67	32	74	61	71	23	34	22	11	13	9	6	9
Adalberto_Penaranda	7878	182.88	172	69	44	73	69	60	52	70	45	43	46	69	76	76	58	66	60	68	61	63	63	65	35	19	65	59	77	20	20	21	6	14	13	8	6
Dejan_Drazic	9910	175.26	152	70	73	64	39	71	53	75	63	36	58	73	83	75	77	66	81	51	66	54	49	45	71	42	65	64	47	23	43	28	15	8	8	10	5
Marco_Asensio	8558	177.8	154	66	65	52	46	74	50	67	60	53	69	71	66	62	66	63	74	56	54	58	53	48	44	30	58	69	56	34	40	44	12	8	5	11	9
Lucas_Hernandez	9906	180.34	165	67	42	45	74	64	23	52	38	28	61	59	68	68	69	58	61	62	73	61	64	47	69	66	27	33	34	66	67	68	10	7	8	14	10
Victor_Camarasa	8581	182.88	168	68	57	52	59	73	68	65	60	58	69	73	66	64	71	63	67	75	71	74	74	66	68	63	57	66	51	56	69	64	13	8	10	10	7
Matias_Nahuel_Leiva	10205	172.72	148	67	61	63	43	66	48	72	60	49	58	70	75	69	72	62	67	62	66	62	55	61	55	35	66	66	47	23	23	22	7	12	15	8	9
Carlos_Vigaray	8305	182.88	154	61	61	41	55	52	31	63	46	44	40	52	62	58	54	63	64	38	63	58	53	38	62	64	59	46	44	56	66	67	6	12	5	8	14
Federico_Ricca	9864	177.8	159	68	69	27	62	61	25	52	32	33	30	58	66	63	57	69	67	27	56	60	53	24	50	67	41	38	38	68	74	76	13	13	8	6	8
Munir_El_Haddadi	8634	175.26	152	67	48	73	64	61	67	75	54	44	49	65	81	82	78	59	76	62	51	43	38	69	35	22	65	54	65	25	24	24	8	11	5	12	15
Alvaro_Medran	8305	175.26	150	72	61	53	45	77	47	65	62	68	80	69	69	62	70	67	77	63	60	54	44	70	47	58	58	77	63	50	54	54	13	14	13	12	10
David_Goldar	9910	180.34	170	62	36	35	54	56	31	40	43	46	49	51	55	56	49	60	64	50	74	56	64	35	62	62	31	43	49	57	68	65	13	11	12	14	9
Daniel_Ceballos	8603	175.26	143	64	59	50	35	68	44	69	49	48	64	70	68	66	64	56	72	51	52	49	44	40	46	33	58	65	50	35	42	49	11	14	15	6	12
Pau_Sabata	8558	187.96	159	63	25	23	21	29	24	22	25	23	24	21	45	52	40	59	57	20	60	44	52	26	38	22	23	27	28	20	23	20	62	65	59	65	64
Uche_Henry_Agbo	7878	185.42	161	57	40	36	51	57	32	57	40	33	51	56	66	68	64	55	58	47	66	63	70	38	62	57	42	53	39	50	56	59	9	7	7	9	12
Success_Isaac	7878	185.42	190	62	43	65	59	46	48	61	47	38	38	59	76	75	66	59	59	64	72	59	68	56	40	24	59	47	55	21	27	25	7	14	13	7	9
Petros	8603	180.34	172	71	61	52	56	76	45	73	55	45	68	75	73	73	69	77	69	78	61	81	66	59	85	68	64	65	58	68	74	71	16	13	9	10	14
Jony	9869	177.8	176	72	73	66	52	74	57	71	72	61	71	74	80	79	74	65	69	66	51	67	63	63	58	50	67	69	57	47	52	50	10	15	12	12	8
Pablo_Perez	9869	187.96	165	67	56	63	71	74	60	64	55	55	64	70	63	63	58	63	57	67	67	63	62	61	55	49	73	66	71	46	49	51	8	9	14	12	11
Alberto_Guitian	9869	182.88	163	64	28	34	62	67	25	50	44	34	54	57	63	63	59	67	64	59	71	72	67	35	69	71	53	58	34	59	65	66	12	9	15	14	16
Juan_Munoz	8302	182.88	168	67	31	71	66	54	67	62	39	35	35	67	67	66	69	64	66	73	64	66	65	62	60	21	69	42	65	15	19	20	9	7	8	10	14
Samuel_Castillejo	10205	177.8	134	67	67	50	42	63	47	71	56	46	58	73	75	80	76	59	76	56	47	54	36	41	41	33	64	67	50	21	31	24	12	15	14	7	13
Danilo	10267	182.88	163	71	42	47	57	75	43	67	64	64	65	71	67	64	74	69	66	72	77	76	71	63	72	73	57	60	40	68	74	73	12	5	10	10	13
Adrian_Marin	10205	180.34	161	65	67	40	51	66	53	67	62	35	62	64	71	67	71	65	68	60	63	62	60	42	58	70	52	45	32	64	66	66	9	14	14	8	8
Juanpi.20	9864	170.18	143	66	60	61	48	69	39	73	60	61	64	69	68	69	63	57	80	60	60	64	40	60	35	29	63	62	64	35	36	32	7	5	11	13	5
Javier_Eraso	8315	180.34	157	68	60	62	57	79	56	64	48	55	73	67	65	67	53	74	62	71	64	78	67	60	76	59	73	63	53	49	61	58	10	15	9	9	14
Eric_Bertrand_Bailly	10205	187.96	170	69	38	33	69	62	31	44	37	39	49	56	69	73	61	64	63	56	73	70	72	44	74	72	36	35	42	65	73	71	14	14	10	9	8
Carlos_Castro	9869	177.8	150	64	43	69	58	55	57	61	51	53	41	62	69	68	69	67	62	64	62	64	62	61	31	24	68	54	55	35	31	31	10	16	8	10	13
Joan_Jordan	8558	182.88	163	62	51	45	44	71	44	54	43	49	64	65	63	63	64	57	64	62	55	67	57	49	58	55	54	64	56	44	60	52	13	12	13	12	9
Jorge_Mere	9869	182.88	170	66	30	22	67	60	33	36	34	33	52	56	69	65	64	62	73	48	75	65	64	27	59	64	25	34	51	66	72	68	15	12	11	8	8
Dani_Ndi	9869	177.8	168	63	48	52	49	67	56	61	47	41	60	63	68	69	67	65	66	58	62	65	68	55	57	63	56	57	51	58	58	54	9	12	13	8	6
Inaki_Williams	8315	185.42	170	70	63	70	64	61	52	70	44	43	55	69	85	87	78	54	57	81	79	70	79	62	48	21	66	56	63	23	37	26	13	14	13	9	12
Fabian	8603	187.96	154	64	56	58	58	73	49	65	62	57	68	67	52	58	55	59	56	62	53	43	46	61	47	44	58	68	61	47	59	57	16	11	7	13	13
Aritz_Elustondo	8560	182.88	159	64	55	25	63	57	29	33	34	38	36	61	62	65	49	63	63	39	70	61	63	33	57	68	33	31	40	61	68	68	6	9	11	14	7
Inigo_Lekue	8315	180.34	159	59	59	39	58	60	38	57	53	45	57	59	67	69	60	59	70	51	61	63	62	42	62	60	47	46	47	51	58	59	14	15	12	12	8
Mamadou_Sylla	8558	182.88	176	60	43	62	60	47	49	58	35	35	35	51	68	69	61	54	55	61	63	61	68	57	55	30	63	49	56	26	41	36	8	15	8	7	10
Alfonso_Pedraza	10205	182.88	165	65	62	60	50	66	53	67	57	52	62	67	65	67	58	59	57	64	59	59	60	61	44	41	65	60	62	43	42	45	12	6	14	7	12
Borja_Mayoral	8633	180.34	148	63	43	73	55	56	35	52	34	44	30	63	67	68	62	71	65	59	68	54	46	50	27	16	73	51	64	16	17	22	12	9	8	15	7
Jon_Bautista	8560	177.8	159	60	38	60	61	45	62	59	42	50	32	58	67	66	57	61	68	56	66	58	60	64	35	16	63	49	65	15	12	16	9	11	9	11	13
Josep_Sene	9910	185.42	163	67	57	53	61	75	46	71	58	60	67	70	65	60	61	67	60	48	56	49	56	59	46	56	69	74	61	38	55	56	14	16	7	13	10
Nacho_Monsalve	9906	177.8	163	61	42	21	57	49	26	38	38	25	36	47	56	60	42	56	65	37	74	60	62	23	55	65	37	35	37	62	62	69	9	15	16	9	6
Nili	8306	177.8	143	63	62	46	52	52	29	72	39	37	32	61	73	71	56	68	73	42	59	65	50	30	62	60	67	49	51	60	62	63	11	8	11	7	9
Sabin_Merino	8315	185.42	176	63	57	66	60	56	59	66	53	50	47	58	71	77	58	63	53	53	62	57	66	62	42	34	64	58	65	23	41	34	13	8	9	9	13
Curro_Sanchez	8302	177.8	150	58	47	51	37	66	44	55	45	43	64	60	64	65	60	56	68	47	59	47	48	49	38	49	52	58	44	37	43	45	12	9	9	8	8
Paolo_Lemos	8306	185.42	176	65	28	24	68	58	30	68	32	35	51	61	73	75	46	54	62	48	78	62	73	27	58	62	27	40	41	60	69	67	10	6	7	15	13
Jose_Matos	8302	170.18	150	58	51	25	41	51	22	45	33	31	26	44	78	75	52	48	70	27	63	80	56	23	50	49	40	33	35	56	61	65	5	8	6	9	5
Rodrigo_Hernandez	10205	190.5	172	65	35	48	44	71	38	44	56	54	75	69	61	62	59	56	65	61	62	59	66	45	60	61	53	64	46	57	68	60	10	10	7	14	8
Mikel_Oiarzabal	8560	177.8	170	65	62	60	42	69	47	66	48	46	64	66	66	66	63	63	61	55	59	59	57	60	40	29	65	63	45	35	32	30	10	6	10	13	11
Pablo_Fornals	9864	177.8	148	63	46	58	37	68	55	60	51	36	59	63	68	66	67	63	72	54	61	68	53	56	56	47	63	64	46	45	50	49	9	11	12	7	15
Diego_Gonzalez	8302	182.88	190	56	50	25	53	50	22	48	32	34	21	53	66	61	52	52	53	35	57	58	74	24	49	55	41	39	42	55	60	57	7	7	8	8	12
Miguel_Munoz	8305	177.8	159	59	51	28	48	42	22	41	27	28	22	54	70	60	52	60	72	21	64	62	56	23	48	61	49	38	39	59	68	61	10	11	11	9	11
Jonatan_Montiel	8370	172.72	148	59	39	54	45	64	30	60	31	38	61	57	69	61	59	58	79	40	62	55	42	53	59	38	59	56	37	28	37	39	10	12	10	9	6
Charly_Musonda	8603	172.72	146	64	55	58	37	63	52	72	54	52	61	66	79	73	80	61	85	47	37	56	32	59	26	21	52	62	54	21	21	22	6	6	7	8	9
