X1	X2	Y
  1.6932784e+000  8.6745737e+000  0.0000000e+000
  1.5467251e+000  7.8998981e+000  0.0000000e+000
  1.7025217e+000  8.1356998e+000  0.0000000e+000
  2.3218942e+000  7.8551467e+000  0.0000000e+000
  1.6946769e+000  8.5110830e+000  0.0000000e+000
  1.7974844e+000  8.2008749e+000  0.0000000e+000
  1.5304941e+000  8.1937818e+000  0.0000000e+000
  1.8209873e+000  8.2334481e+000  0.0000000e+000
  1.4544197e+000  8.1898949e+000  0.0000000e+000
  1.1815331e+000  8.3031941e+000  0.0000000e+000
  1.7720308e+000  8.3541597e+000  0.0000000e+000
  2.2748696e+000  8.5887327e+000  0.0000000e+000
  1.2088064e+000  8.4678961e+000  0.0000000e+000
  1.5357069e+000  8.8620958e+000  0.0000000e+000
  1.5557245e+000  7.9407676e+000  0.0000000e+000
  1.5604063e+000  8.7952389e+000  0.0000000e+000
  1.9834489e+000  7.9445807e+000  0.0000000e+000
  1.4417221e+000  8.3571787e+000  0.0000000e+000
  1.4961906e+000  7.9002027e+000  0.0000000e+000
  1.3812575e+000  7.9342404e+000  0.0000000e+000
  1.7263218e+000  7.8986197e+000  0.0000000e+000
  1.5323954e+000  8.4188189e+000  0.0000000e+000
  1.8739822e+000  8.6603315e+000  0.0000000e+000
  1.3866706e+000  8.0603031e+000  0.0000000e+000
  1.6878571e+000  8.3492607e+000  0.0000000e+000
  1.5834064e+000  8.4405116e+000  0.0000000e+000
  1.7669858e+000  8.3678898e+000  0.0000000e+000
  2.0584578e+000  8.1646961e+000  0.0000000e+000
  1.8353501e+000  8.2409075e+000  0.0000000e+000
  1.6630422e+000  7.7052797e+000  0.0000000e+000
  1.8345735e+000  8.3672258e+000  0.0000000e+000
  2.1097260e+000  7.9038820e+000  0.0000000e+000
  1.4364668e+000  8.4276534e+000  0.0000000e+000
  1.6739442e+000  8.8246299e+000  0.0000000e+000
  1.6402472e+000  8.3182429e+000  0.0000000e+000
  1.7455198e+000  8.0585295e+000  0.0000000e+000
  1.5386612e+000  8.6230795e+000  0.0000000e+000
  1.7622900e+000  8.1127883e+000  0.0000000e+000
  1.6063478e+000  8.4706217e+000  0.0000000e+000
  1.8010048e+000  8.5438511e+000  0.0000000e+000
  1.1656972e+000  8.5098724e+000  0.0000000e+000
  1.0055006e+000  8.1861225e+000  0.0000000e+000
  1.4355821e+000  8.3448244e+000  0.0000000e+000
  1.4488539e+000  8.0120566e+000  0.0000000e+000
  1.5754260e+000  8.1915200e+000  0.0000000e+000
  1.6552559e+000  8.2098841e+000  0.0000000e+000
  1.7101811e+000  8.4187711e+000  0.0000000e+000
  1.9889767e+000  8.2279364e+000  0.0000000e+000
  1.5210511e+000  8.2793976e+000  0.0000000e+000
  1.0154411e+000  8.2702281e+000  0.0000000e+000
  1.9429151e+000  8.0408153e+000  0.0000000e+000
  1.7226269e+000  8.0365561e+000  0.0000000e+000
  2.0222691e+000  8.4470821e+000  0.0000000e+000
  1.6992770e+000  8.0688519e+000  0.0000000e+000
  1.4185106e+000  7.9726145e+000  0.0000000e+000
  1.6222973e+000  8.3306861e+000  0.0000000e+000
  1.2818413e+000  8.1304707e+000  0.0000000e+000
  1.6053596e+000  8.1987407e+000  0.0000000e+000
  1.5259495e+000  8.1749060e+000  0.0000000e+000
  1.7110358e+000  8.1726728e+000  0.0000000e+000
  1.8600281e+000  8.1258442e+000  0.0000000e+000
  1.5104324e+000  8.3289981e+000  0.0000000e+000
  2.1409642e+000  8.3520832e+000  0.0000000e+000
  1.6777793e+000  7.6471973e+000  0.0000000e+000
  1.0098020e+000  7.8764970e+000  0.0000000e+000
  1.7756999e+000  8.3691326e+000  0.0000000e+000
  2.0180455e+000  8.4303421e+000  0.0000000e+000
  1.9350737e+000  8.4121022e+000  0.0000000e+000
  1.9664477e+000  8.5376673e+000  0.0000000e+000
  1.5703585e+000  8.5434835e+000  0.0000000e+000
  1.8245306e+000  8.0210497e+000  0.0000000e+000
  1.5496285e+000  8.3186859e+000  0.0000000e+000
  1.6202955e+000  8.3514684e+000  0.0000000e+000
  1.3414789e+000  7.8619331e+000  0.0000000e+000
  1.9420247e+000  8.4548944e+000  0.0000000e+000
  2.2248592e+000  8.3300534e+000  0.0000000e+000
  1.3131873e+000  8.3566768e+000  0.0000000e+000
  1.5324315e+000  8.2922907e+000  0.0000000e+000
  1.5223834e+000  8.2768218e+000  0.0000000e+000
  1.2466420e+000  8.3777036e+000  0.0000000e+000
  1.5575404e+000  8.2902173e+000  0.0000000e+000
  1.6377333e+000  8.1209142e+000  0.0000000e+000
  1.3682357e+000  8.1675938e+000  0.0000000e+000
  1.7011063e+000  8.1894234e+000  0.0000000e+000
  1.7460253e+000  8.4906905e+000  0.0000000e+000
  2.0555061e+000  8.3200457e+000  0.0000000e+000
  1.5773605e+000  8.1781530e+000  0.0000000e+000
  1.7866305e+000  8.6382480e+000  0.0000000e+000
  1.4315738e+000  7.6825944e+000  0.0000000e+000
  1.5834461e+000  8.0765415e+000  0.0000000e+000
  1.6625914e+000  7.8514957e+000  0.0000000e+000
  1.5290004e+000  8.5188629e+000  0.0000000e+000
  1.3247518e+000  8.1134891e+000  0.0000000e+000
  1.6898181e+000  8.5308991e+000  0.0000000e+000
  1.7319347e+000  8.1265644e+000  0.0000000e+000
  1.4364593e+000  8.3792179e+000  0.0000000e+000
  1.5648887e+000  8.1177001e+000  0.0000000e+000
  1.4812948e+000  8.3920309e+000  0.0000000e+000
  1.5996014e+000  8.4596800e+000  0.0000000e+000
  1.7346270e+000  8.3525279e+000  0.0000000e+000
  1.6602110e+000  7.4278231e+000  0.0000000e+000
  1.8339315e+000  7.4096980e+000  0.0000000e+000
  1.6239955e+000  7.4641236e+000  0.0000000e+000
  1.9417650e+000  7.0572344e+000  0.0000000e+000
  1.6295987e+000  7.2666482e+000  0.0000000e+000
  1.3191339e+000  7.3939362e+000  0.0000000e+000
  1.7803003e+000  7.4529686e+000  0.0000000e+000
  1.4927465e+000  6.8489370e+000  0.0000000e+000
  1.5436507e+000  7.1813201e+000  0.0000000e+000
  1.4825749e+000  7.4411303e+000  0.0000000e+000
  1.6889590e+000  7.0895142e+000  0.0000000e+000
  2.1127296e+000  7.5994676e+000  0.0000000e+000
  1.7449097e+000  7.1384057e+000  0.0000000e+000
  1.2572242e+000  7.1660222e+000  0.0000000e+000
  2.0526518e+000  7.3373973e+000  0.0000000e+000
  2.1183823e+000  7.4050810e+000  0.0000000e+000
  1.5318095e+000  7.4285916e+000  0.0000000e+000
  1.5093407e+000  7.1391219e+000  0.0000000e+000
  1.7558654e+000  7.0623787e+000  0.0000000e+000
  1.7230959e+000  7.0863867e+000  0.0000000e+000
  2.2128347e+000  7.6908153e+000  0.0000000e+000
  1.5029771e+000  7.2147309e+000  0.0000000e+000
  1.7555690e+000  6.9796185e+000  0.0000000e+000
  1.8105762e+000  7.4486904e+000  0.0000000e+000
  1.3351184e+000  7.2826603e+000  0.0000000e+000
  1.6754762e+000  7.4455710e+000  0.0000000e+000
  1.8095427e+000  7.2995037e+000  0.0000000e+000
  1.6781486e+000  7.1187350e+000  0.0000000e+000
  1.2811999e+000  7.2039135e+000  0.0000000e+000
  1.4710083e+000  7.5257640e+000  0.0000000e+000
  1.7608793e+000  7.0686400e+000  0.0000000e+000
  1.6580438e+000  7.6621160e+000  0.0000000e+000
  1.4305632e+000  7.2252081e+000  0.0000000e+000
  1.6493613e+000  7.6731455e+000  0.0000000e+000
  1.7950619e+000  7.3920129e+000  0.0000000e+000
  1.6780235e+000  7.5631152e+000  0.0000000e+000
  1.2244097e+000  7.9204539e+000  0.0000000e+000
  1.6810050e+000  7.2523910e+000  0.0000000e+000
  1.6746631e+000  7.3278068e+000  0.0000000e+000
  1.5553291e+000  7.2829135e+000  0.0000000e+000
  1.2842602e+000  7.4597089e+000  0.0000000e+000
  2.1662248e+000  7.5910783e+000  0.0000000e+000
  1.5952201e+000  7.8080276e+000  0.0000000e+000
  2.1218400e+000  7.4068488e+000  0.0000000e+000
  1.7689227e+000  7.6423408e+000  0.0000000e+000
  1.7934618e+000  6.9321592e+000  0.0000000e+000
  1.5742365e+000  7.2882824e+000  0.0000000e+000
  1.7083500e+000  7.1711868e+000  0.0000000e+000
  1.7449645e+000  7.2296122e+000  0.0000000e+000
  1.9352804e+000  7.7363255e+000  0.0000000e+000
  1.6706527e+000  7.3389192e+000  0.0000000e+000
  1.6185332e+000  7.3129858e+000  0.0000000e+000
  1.3642203e+000  7.5822062e+000  0.0000000e+000
  1.7269589e+000  7.1658164e+000  0.0000000e+000
  1.5188797e+000  7.1710379e+000  0.0000000e+000
  1.8555882e+000  7.1346086e+000  0.0000000e+000
  1.6415526e+000  7.4830862e+000  0.0000000e+000
  1.6703629e+000  7.0066860e+000  0.0000000e+000
  1.4516450e+000  7.2884882e+000  0.0000000e+000
  1.4025842e+000  7.4154158e+000  0.0000000e+000
  1.1187069e+000  8.0465712e+000  0.0000000e+000
  1.7489885e+000  7.7522669e+000  0.0000000e+000
  1.6617241e+000  7.3772428e+000  0.0000000e+000
  1.3650543e+000  7.5232598e+000  0.0000000e+000
  1.9019874e+000  7.0818589e+000  0.0000000e+000
  1.4595078e+000  7.0963983e+000  0.0000000e+000
  2.0712152e+000  7.8833286e+000  0.0000000e+000
  1.7340971e+000  7.3791700e+000  0.0000000e+000
  1.4688715e+000  7.1402709e+000  0.0000000e+000
  1.9191578e+000  7.5089542e+000  0.0000000e+000
  1.2288186e+000  7.7164579e+000  0.0000000e+000
  1.1938817e+000  7.8803334e+000  0.0000000e+000
  1.5191688e+000  7.8728760e+000  0.0000000e+000
  1.6334737e+000  6.9953299e+000  0.0000000e+000
  1.7345952e+000  7.2889721e+000  0.0000000e+000
  2.2092468e+000  7.3296226e+000  0.0000000e+000
  1.7766538e+000  7.3793131e+000  0.0000000e+000
  1.4206524e+000  7.4306275e+000  0.0000000e+000
  1.7772701e+000  7.7988209e+000  0.0000000e+000
  1.9676069e+000  7.1955031e+000  0.0000000e+000
  1.9556387e+000  7.0437733e+000  0.0000000e+000
  1.9633596e+000  7.1760657e+000  0.0000000e+000
  1.2267314e+000  6.9883727e+000  0.0000000e+000
  1.5551696e+000  7.0170342e+000  0.0000000e+000
  1.9587782e+000  7.7840269e+000  0.0000000e+000
  1.6010572e+000  7.6408049e+000  0.0000000e+000
  1.7600775e+000  6.7483606e+000  0.0000000e+000
  1.6544816e+000  7.2651987e+000  0.0000000e+000
  1.7897029e+000  7.1824424e+000  0.0000000e+000
  1.7555707e+000  7.4420993e+000  0.0000000e+000
  2.1714941e+000  7.3156183e+000  0.0000000e+000
  1.3508201e+000  7.3602911e+000  0.0000000e+000
  1.5068452e+000  7.1388687e+000  0.0000000e+000
  1.6789419e+000  7.2320546e+000  0.0000000e+000
  1.0058208e+000  7.0616268e+000  0.0000000e+000
  1.5594542e+000  7.0875357e+000  0.0000000e+000
  1.7426854e+000  6.9128908e+000  0.0000000e+000
  1.6373900e+000  7.5127993e+000  0.0000000e+000
  1.4984525e+000  7.2942238e+000  0.0000000e+000
  1.7913024e+000  7.3240887e+000  0.0000000e+000
  2.4478569e+000  6.3964487e+000  0.0000000e+000
  1.9423197e+000  6.7574688e+000  0.0000000e+000
  1.7500787e+000  6.3963777e+000  0.0000000e+000
  2.0527911e+000  6.4936104e+000  0.0000000e+000
  1.7439905e+000  6.3802992e+000  0.0000000e+000
  2.1744754e+000  6.7322694e+000  0.0000000e+000
  1.9916192e+000  6.8789296e+000  0.0000000e+000
  1.8068927e+000  6.5752021e+000  0.0000000e+000
  1.5031536e+000  6.9382062e+000  0.0000000e+000
  1.9676105e+000  6.5331654e+000  0.0000000e+000
  1.8884159e+000  6.2965877e+000  0.0000000e+000
  1.7110716e+000  6.8813045e+000  0.0000000e+000
  1.7620154e+000  6.1740477e+000  0.0000000e+000
  1.8331107e+000  6.6791469e+000  0.0000000e+000
  1.8849522e+000  6.3411901e+000  0.0000000e+000
  2.0603209e+000  7.0957264e+000  0.0000000e+000
  1.5459393e+000  6.8456114e+000  0.0000000e+000
  1.6696455e+000  6.5858995e+000  0.0000000e+000
  1.9223315e+000  6.7128323e+000  0.0000000e+000
  2.0664289e+000  6.5114740e+000  0.0000000e+000
  2.2359608e+000  6.5675902e+000  0.0000000e+000
  2.3125088e+000  6.4427873e+000  0.0000000e+000
  2.4888638e+000  6.6212569e+000  0.0000000e+000
  1.7693967e+000  6.5618903e+000  0.0000000e+000
  2.2896284e+000  6.1132538e+000  0.0000000e+000
  1.9294224e+000  6.5401386e+000  0.0000000e+000
  2.1758266e+000  7.0796197e+000  0.0000000e+000
  1.4818731e+000  6.9011968e+000  0.0000000e+000
  1.9103372e+000  6.6544229e+000  0.0000000e+000
  1.5426831e+000  6.6599335e+000  0.0000000e+000
  1.8593810e+000  6.8520929e+000  0.0000000e+000
  1.8802448e+000  6.6906534e+000  0.0000000e+000
  1.8243749e+000  6.4441144e+000  0.0000000e+000
  1.9419931e+000  6.9502269e+000  0.0000000e+000
  1.6327739e+000  6.5792828e+000  0.0000000e+000
  1.8795346e+000  6.8889057e+000  0.0000000e+000
  1.6600948e+000  6.7614992e+000  0.0000000e+000
  1.8438650e+000  6.8920176e+000  0.0000000e+000
  2.0565129e+000  6.4258927e+000  0.0000000e+000
  2.2828657e+000  7.0428923e+000  0.0000000e+000
  2.0265989e+000  6.9061152e+000  0.0000000e+000
  1.7104575e+000  7.0449312e+000  0.0000000e+000
  2.1038537e+000  6.4660341e+000  0.0000000e+000
  1.4694873e+000  6.3817639e+000  0.0000000e+000
  2.2750162e+000  6.8796680e+000  0.0000000e+000
  1.8505769e+000  7.0572624e+000  0.0000000e+000
  1.9228421e+000  6.2422435e+000  0.0000000e+000
  2.0359347e+000  6.7422805e+000  0.0000000e+000
  1.7056136e+000  6.2129010e+000  0.0000000e+000
  2.0206758e+000  6.7398538e+000  0.0000000e+000
  1.9850895e+000  6.3025156e+000  0.0000000e+000
  1.7806061e+000  6.5423695e+000  0.0000000e+000
  1.6931784e+000  6.6734301e+000  0.0000000e+000
  1.2859414e+000  6.3854217e+000  0.0000000e+000
  1.4132505e+000  6.1718411e+000  0.0000000e+000
  1.6303636e+000  6.5253327e+000  0.0000000e+000
  1.7230643e+000  6.2905765e+000  0.0000000e+000
  2.1035630e+000  6.7955852e+000  0.0000000e+000
  1.9262606e+000  6.0012029e+000  0.0000000e+000
  1.8137481e+000  6.6977808e+000  0.0000000e+000
  1.5030110e+000  6.7223326e+000  0.0000000e+000
  1.8042767e+000  6.5607066e+000  0.0000000e+000
  1.6428307e+000  6.3286251e+000  0.0000000e+000
  2.2968593e+000  6.4774084e+000  0.0000000e+000
  1.8350719e+000  6.7191294e+000  0.0000000e+000
  1.8690251e+000  6.4233861e+000  0.0000000e+000
  1.6904807e+000  6.5919519e+000  0.0000000e+000
  1.9632070e+000  6.2855536e+000  0.0000000e+000
  1.9076609e+000  6.2906467e+000  0.0000000e+000
  2.1764915e+000  6.3883809e+000  0.0000000e+000
  1.5442102e+000  6.6450572e+000  0.0000000e+000
  1.7203773e+000  6.4606924e+000  0.0000000e+000
  1.7721509e+000  6.4893827e+000  0.0000000e+000
  1.5392414e+000  6.3608388e+000  0.0000000e+000
  1.9196785e+000  6.5263486e+000  0.0000000e+000
  1.8385466e+000  6.6201183e+000  0.0000000e+000
  1.8675240e+000  6.6548103e+000  0.0000000e+000
  1.9367043e+000  6.8772607e+000  0.0000000e+000
  1.7991054e+000  6.8258789e+000  0.0000000e+000
  1.6449791e+000  6.2908793e+000  0.0000000e+000
  1.5547247e+000  6.7314276e+000  0.0000000e+000
  1.8069763e+000  6.6432550e+000  0.0000000e+000
  2.0610208e+000  6.3455607e+000  0.0000000e+000
  1.9815070e+000  6.4975191e+000  0.0000000e+000
  1.6896669e+000  6.7721939e+000  0.0000000e+000
  1.9183789e+000  6.4971149e+000  0.0000000e+000
  1.6948751e+000  6.7508232e+000  0.0000000e+000
  1.8018709e+000  7.0049346e+000  0.0000000e+000
  1.5961599e+000  6.5926601e+000  0.0000000e+000
  2.1610153e+000  6.6895965e+000  0.0000000e+000
  1.8263644e+000  6.7095851e+000  0.0000000e+000
  1.8937680e+000  5.9254405e+000  0.0000000e+000
  1.8463320e+000  6.4533636e+000  0.0000000e+000
  1.7183753e+000  6.8307098e+000  0.0000000e+000
  2.2497980e+000  6.5314844e+000  0.0000000e+000
  1.9643106e+000  6.6215196e+000  0.0000000e+000
  1.8700159e+000  6.3752504e+000  0.0000000e+000
  2.0770140e+000  6.5152900e+000  0.0000000e+000
  2.0512803e+000  6.9697666e+000  0.0000000e+000
  1.9726567e+000  6.1914567e+000  0.0000000e+000
  2.2889132e+000  5.8594226e+000  0.0000000e+000
  2.6180056e+000  5.7850474e+000  0.0000000e+000
  2.4827110e+000  6.0030146e+000  0.0000000e+000
  2.3734440e+000  6.1598802e+000  0.0000000e+000
  2.7189556e+000  6.0600608e+000  0.0000000e+000
  2.3622437e+000  5.9556256e+000  0.0000000e+000
  2.4957552e+000  5.9519995e+000  0.0000000e+000
  2.4908702e+000  5.5138340e+000  0.0000000e+000
  2.5390048e+000  5.9977658e+000  0.0000000e+000
  2.2391165e+000  5.7798461e+000  0.0000000e+000
  2.3536002e+000  5.9665748e+000  0.0000000e+000
  2.0270587e+000  5.6558643e+000  0.0000000e+000
  2.8360052e+000  5.7375408e+000  0.0000000e+000
  2.4046042e+000  5.8710248e+000  0.0000000e+000
  2.6035292e+000  5.8813671e+000  0.0000000e+000
  2.4983480e+000  5.4650346e+000  0.0000000e+000
  2.3898059e+000  5.4950910e+000  0.0000000e+000
  2.1829748e+000  5.5641486e+000  0.0000000e+000
  2.2136146e+000  5.6086292e+000  0.0000000e+000
  2.4508222e+000  5.8627408e+000  0.0000000e+000
  2.3067489e+000  5.7704439e+000  0.0000000e+000
  2.1799039e+000  5.7252597e+000  0.0000000e+000
  2.7217056e+000  5.8938622e+000  0.0000000e+000
  2.3291896e+000  5.9308326e+000  0.0000000e+000
  2.6584417e+000  5.9893248e+000  0.0000000e+000
  2.4003668e+000  5.8941054e+000  0.0000000e+000
  2.3157428e+000  6.0653328e+000  0.0000000e+000
  2.3910175e+000  6.2286896e+000  0.0000000e+000
  2.2524804e+000  5.6445788e+000  0.0000000e+000
  2.4967848e+000  5.5317865e+000  0.0000000e+000
  2.3001643e+000  5.5968155e+000  0.0000000e+000
  2.4338645e+000  6.4051277e+000  0.0000000e+000
  2.5038809e+000  5.7353032e+000  0.0000000e+000
  2.4956547e+000  5.8557602e+000  0.0000000e+000
  2.1786040e+000  5.9360709e+000  0.0000000e+000
  2.5033071e+000  5.7102066e+000  0.0000000e+000
  2.1647425e+000  6.1942158e+000  0.0000000e+000
  2.4367987e+000  6.0095941e+000  0.0000000e+000
  2.5149377e+000  6.2673959e+000  0.0000000e+000
  2.5493664e+000  5.7735230e+000  0.0000000e+000
  2.1709230e+000  5.9438201e+000  0.0000000e+000
  2.6076770e+000  6.5765461e+000  0.0000000e+000
  2.3432331e+000  5.7605923e+000  0.0000000e+000
  2.2777291e+000  6.4693419e+000  0.0000000e+000
  2.3258988e+000  5.6995291e+000  0.0000000e+000
  2.7698867e+000  5.8631273e+000  0.0000000e+000
  2.3953432e+000  6.2204513e+000  0.0000000e+000
  2.6577539e+000  5.8727801e+000  0.0000000e+000
  2.4602152e+000  5.4125305e+000  0.0000000e+000
  2.3376201e+000  5.6440829e+000  0.0000000e+000
  2.1953120e+000  5.9578528e+000  0.0000000e+000
  2.5544181e+000  5.6882570e+000  0.0000000e+000
  2.4951958e+000  6.4780320e+000  0.0000000e+000
  2.4508162e+000  6.0689493e+000  0.0000000e+000
  2.1103897e+000  6.0487521e+000  0.0000000e+000
  1.8605390e+000  6.0211504e+000  0.0000000e+000
  2.3109188e+000  5.9291915e+000  0.0000000e+000
  1.8622553e+000  6.0515418e+000  0.0000000e+000
  2.1837604e+000  5.9833008e+000  0.0000000e+000
  2.5166362e+000  5.6554743e+000  0.0000000e+000
  2.7466017e+000  5.8692238e+000  0.0000000e+000
  2.1905181e+000  6.1153793e+000  0.0000000e+000
  2.6904183e+000  5.7041826e+000  0.0000000e+000
  2.4922857e+000  5.8601770e+000  0.0000000e+000
  2.6710221e+000  6.0370278e+000  0.0000000e+000
  2.3458603e+000  5.8940949e+000  0.0000000e+000
  2.6058158e+000  5.8451740e+000  0.0000000e+000
  2.6691574e+000  5.8090661e+000  0.0000000e+000
  2.6356225e+000  6.0686228e+000  0.0000000e+000
  2.8108845e+000  5.6600839e+000  0.0000000e+000
  2.1018911e+000  6.0495863e+000  0.0000000e+000
  2.4281715e+000  6.0679765e+000  0.0000000e+000
  2.6834104e+000  6.2229726e+000  0.0000000e+000
  2.1280587e+000  5.6867822e+000  0.0000000e+000
  2.7879089e+000  5.9929004e+000  0.0000000e+000
  2.3724040e+000  6.0341635e+000  0.0000000e+000
  2.8432309e+000  6.0516643e+000  0.0000000e+000
  2.5512563e+000  5.8727564e+000  0.0000000e+000
  2.5152880e+000  5.8112172e+000  0.0000000e+000
  2.3437167e+000  6.0237005e+000  0.0000000e+000
  2.3933260e+000  5.5568562e+000  0.0000000e+000
  2.4469223e+000  5.9187945e+000  0.0000000e+000
  2.2887304e+000  6.1066673e+000  0.0000000e+000
  2.2722603e+000  6.0464432e+000  0.0000000e+000
  2.2459637e+000  6.0946170e+000  0.0000000e+000
  2.5236643e+000  5.9361103e+000  0.0000000e+000
  2.8173030e+000  6.0134111e+000  0.0000000e+000
  2.5639407e+000  5.9962041e+000  0.0000000e+000
  2.3821280e+000  5.8570391e+000  0.0000000e+000
  2.2976065e+000  6.1154321e+000  0.0000000e+000
  2.5374830e+000  6.0262992e+000  0.0000000e+000
  2.6683977e+000  5.8812881e+000  0.0000000e+000
  2.5972869e+000  5.5940978e+000  0.0000000e+000
  2.0249859e+000  5.8757067e+000  0.0000000e+000
  1.8638167e+000  6.0661175e+000  0.0000000e+000
  2.8906509e+000  6.0531092e+000  0.0000000e+000
  2.4099964e+000  6.1724793e+000  0.0000000e+000
  2.8616057e+000  6.1623003e+000  0.0000000e+000
  2.0785476e+000  5.4140971e+000  0.0000000e+000
  2.6039413e+000  5.7254703e+000  0.0000000e+000
  3.2881227e+000  6.2359931e+000  0.0000000e+000
  3.2717768e+000  5.9360790e+000  0.0000000e+000
  2.8604086e+000  6.0501050e+000  0.0000000e+000
  3.0932622e+000  5.5337410e+000  0.0000000e+000
  3.7658659e+000  6.0175863e+000  0.0000000e+000
  3.2259529e+000  6.1820658e+000  0.0000000e+000
  3.1518609e+000  6.0149807e+000  0.0000000e+000
  3.2334838e+000  5.7516462e+000  0.0000000e+000
  3.2464516e+000  5.8381448e+000  0.0000000e+000
  2.5978691e+000  6.0942971e+000  0.0000000e+000
  3.3558750e+000  5.9667422e+000  0.0000000e+000
  2.6826437e+000  6.2232262e+000  0.0000000e+000
  3.0073996e+000  6.3251451e+000  0.0000000e+000
  2.9459596e+000  6.0479317e+000  0.0000000e+000
  2.8297031e+000  5.7351171e+000  0.0000000e+000
  2.9508322e+000  5.7740227e+000  0.0000000e+000
  3.0781472e+000  6.1561674e+000  0.0000000e+000
  3.3128774e+000  5.8349737e+000  0.0000000e+000
  3.0500312e+000  5.6598880e+000  0.0000000e+000
  3.0160167e+000  5.8820388e+000  0.0000000e+000
  3.3699950e+000  5.4942828e+000  0.0000000e+000
  3.0495126e+000  6.0692694e+000  0.0000000e+000
  3.2803506e+000  6.1636661e+000  0.0000000e+000
  2.8762280e+000  6.3904345e+000  0.0000000e+000
  3.1142090e+000  6.0883474e+000  0.0000000e+000
  3.3513889e+000  5.7559055e+000  0.0000000e+000
  2.8010805e+000  5.9548190e+000  0.0000000e+000
  3.1383941e+000  5.9635256e+000  0.0000000e+000
  3.2492895e+000  5.7473168e+000  0.0000000e+000
  3.3343036e+000  5.6698746e+000  0.0000000e+000
  2.9294842e+000  6.0260159e+000  0.0000000e+000
  3.0088079e+000  5.8729406e+000  0.0000000e+000
  3.0478889e+000  6.1023243e+000  0.0000000e+000
  3.3428153e+000  6.0271516e+000  0.0000000e+000
  2.9036896e+000  6.3643775e+000  0.0000000e+000
  2.8962608e+000  5.9511946e+000  0.0000000e+000
  3.2797664e+000  5.9472574e+000  0.0000000e+000
  3.0306398e+000  6.1349991e+000  0.0000000e+000
  2.8496889e+000  5.5395811e+000  0.0000000e+000
  3.1546960e+000  5.6794144e+000  0.0000000e+000
  3.0330246e+000  6.0402709e+000  0.0000000e+000
  3.3215939e+000  6.2372568e+000  0.0000000e+000
  3.3855859e+000  5.7663930e+000  0.0000000e+000
  2.8043553e+000  5.6930602e+000  0.0000000e+000
  2.8161943e+000  5.8905586e+000  0.0000000e+000
  3.3385098e+000  6.1604886e+000  0.0000000e+000
  2.9497306e+000  6.2026683e+000  0.0000000e+000
  2.7400494e+000  6.1127773e+000  0.0000000e+000
  2.9786229e+000  5.9034394e+000  0.0000000e+000
  3.5943819e+000  6.3104798e+000  0.0000000e+000
  3.0618719e+000  5.9796377e+000  0.0000000e+000
  3.3221225e+000  6.0799837e+000  0.0000000e+000
  2.9524451e+000  6.1171045e+000  0.0000000e+000
  2.8398710e+000  5.8116900e+000  0.0000000e+000
  2.8007805e+000  6.3011595e+000  0.0000000e+000
  3.1687002e+000  5.8284883e+000  0.0000000e+000
  3.4954502e+000  5.9256569e+000  0.0000000e+000
  3.6638565e+000  5.7189772e+000  0.0000000e+000
  3.2998395e+000  6.0916366e+000  0.0000000e+000
  3.1004106e+000  5.6180411e+000  0.0000000e+000
  3.1517611e+000  5.6864468e+000  0.0000000e+000
  2.7367196e+000  5.7279261e+000  0.0000000e+000
  3.4250620e+000  6.0144085e+000  0.0000000e+000
  3.0113264e+000  5.5572474e+000  0.0000000e+000
  3.3788347e+000  5.8517304e+000  0.0000000e+000
  3.5352601e+000  5.5294752e+000  0.0000000e+000
  2.6497412e+000  5.8612114e+000  0.0000000e+000
  3.1947981e+000  6.0375864e+000  0.0000000e+000
  3.3363850e+000  6.3091472e+000  0.0000000e+000
  3.0864114e+000  6.0492619e+000  0.0000000e+000
  3.3177392e+000  5.6630742e+000  0.0000000e+000
  2.9610109e+000  5.9665991e+000  0.0000000e+000
  3.1944558e+000  5.9180673e+000  0.0000000e+000
  3.3634206e+000  5.9755350e+000  0.0000000e+000
  2.8509614e+000  5.8801610e+000  0.0000000e+000
  2.7423488e+000  5.9136659e+000  0.0000000e+000
  2.8798448e+000  5.9660733e+000  0.0000000e+000
  2.5009973e+000  5.8047906e+000  0.0000000e+000
  3.3004139e+000  6.2992174e+000  0.0000000e+000
  2.9814215e+000  5.9901737e+000  0.0000000e+000
  3.2237627e+000  5.9904897e+000  0.0000000e+000
  3.2207143e+000  5.7290675e+000  0.0000000e+000
  3.1727938e+000  5.8663434e+000  0.0000000e+000
  2.9507244e+000  6.1038768e+000  0.0000000e+000
  3.4391431e+000  5.7834109e+000  0.0000000e+000
  2.7049428e+000  6.5495149e+000  0.0000000e+000
  3.1972858e+000  5.4726948e+000  0.0000000e+000
  3.0332744e+000  6.0535800e+000  0.0000000e+000
  3.1987488e+000  5.8191692e+000  0.0000000e+000
  3.1840642e+000  6.0403524e+000  0.0000000e+000
  3.2944031e+000  6.0931758e+000  0.0000000e+000
  3.2918419e+000  5.7518598e+000  0.0000000e+000
  2.8814737e+000  5.6761196e+000  0.0000000e+000
  3.0456944e+000  6.2314239e+000  0.0000000e+000
  2.7225238e+000  6.0941075e+000  0.0000000e+000
  2.9172496e+000  6.0492150e+000  0.0000000e+000
  2.5344560e+000  5.8983342e+000  0.0000000e+000
  3.2651507e+000  6.3928291e+000  0.0000000e+000
  2.8263746e+000  5.7437397e+000  0.0000000e+000
  3.0543112e+000  5.9998719e+000  0.0000000e+000
  4.2567337e+000  6.4163489e+000  0.0000000e+000
  4.1604176e+000  6.6351774e+000  0.0000000e+000
  3.5551308e+000  6.2617469e+000  0.0000000e+000
  3.6417260e+000  6.6519082e+000  0.0000000e+000
  3.6531871e+000  6.2468102e+000  0.0000000e+000
  3.8782451e+000  6.4773695e+000  0.0000000e+000
  3.9316652e+000  5.8645717e+000  0.0000000e+000
  3.7234284e+000  5.9970033e+000  0.0000000e+000
  3.6709198e+000  6.6103226e+000  0.0000000e+000
  4.3490643e+000  5.8517684e+000  0.0000000e+000
  3.7225871e+000  6.3374163e+000  0.0000000e+000
  3.7106694e+000  6.4627286e+000  0.0000000e+000
  3.2440917e+000  6.6081165e+000  0.0000000e+000
  3.7490685e+000  6.4729368e+000  0.0000000e+000
  4.2390193e+000  6.7942533e+000  0.0000000e+000
  3.6460395e+000  6.1614030e+000  0.0000000e+000
  3.3236108e+000  6.1709606e+000  0.0000000e+000
  4.0582853e+000  6.2028385e+000  0.0000000e+000
  3.3539218e+000  6.1433027e+000  0.0000000e+000
  3.5725909e+000  6.2701591e+000  0.0000000e+000
  3.8463652e+000  6.2295651e+000  0.0000000e+000
  3.8102755e+000  6.1312612e+000  0.0000000e+000
  3.8224114e+000  5.8843963e+000  0.0000000e+000
  3.5479394e+000  5.9397750e+000  0.0000000e+000
  3.5154191e+000  6.2721859e+000  0.0000000e+000
  3.8810067e+000  6.5671606e+000  0.0000000e+000
  3.2534858e+000  6.2448654e+000  0.0000000e+000
  3.4049277e+000  6.5592154e+000  0.0000000e+000
  3.3615450e+000  6.5700057e+000  0.0000000e+000
  3.9957782e+000  6.2571964e+000  0.0000000e+000
  3.6078461e+000  6.2889150e+000  0.0000000e+000
  3.6756895e+000  6.3110364e+000  0.0000000e+000
  3.8684792e+000  5.8517891e+000  0.0000000e+000
  3.2274118e+000  6.4207468e+000  0.0000000e+000
  3.9019321e+000  6.1470254e+000  0.0000000e+000
  3.8960955e+000  6.1623536e+000  0.0000000e+000
  3.7063787e+000  6.7496401e+000  0.0000000e+000
  3.9438242e+000  6.5059206e+000  0.0000000e+000
  3.4102036e+000  6.5693462e+000  0.0000000e+000
  3.8980112e+000  6.5212672e+000  0.0000000e+000
  3.5448928e+000  6.3144460e+000  0.0000000e+000
  3.8824833e+000  6.2224953e+000  0.0000000e+000
  3.2535763e+000  6.4115458e+000  0.0000000e+000
  3.7995780e+000  6.1219393e+000  0.0000000e+000
  3.9496732e+000  5.8925142e+000  0.0000000e+000
  3.7120580e+000  6.0208294e+000  0.0000000e+000
  4.2138331e+000  6.7906573e+000  0.0000000e+000
  3.5426344e+000  6.1835171e+000  0.0000000e+000
  3.4137838e+000  5.7894908e+000  0.0000000e+000
  4.0416712e+000  6.3616422e+000  0.0000000e+000
  4.0808436e+000  6.0916827e+000  0.0000000e+000
  3.9304331e+000  5.7004986e+000  0.0000000e+000
  3.9395063e+000  6.5568982e+000  0.0000000e+000
  3.6289048e+000  6.3552775e+000  0.0000000e+000
  3.8345116e+000  6.5883754e+000  0.0000000e+000
  3.7425001e+000  6.3501720e+000  0.0000000e+000
  3.5830589e+000  6.2328784e+000  0.0000000e+000
  3.4421128e+000  6.1150901e+000  0.0000000e+000
  3.5255821e+000  7.0127575e+000  0.0000000e+000
  3.5091615e+000  6.6274257e+000  0.0000000e+000
  3.7320045e+000  6.4870031e+000  0.0000000e+000
  3.6421005e+000  6.1637331e+000  0.0000000e+000
  3.9098912e+000  6.4781595e+000  0.0000000e+000
  3.8215027e+000  6.3648289e+000  0.0000000e+000
  3.6126229e+000  6.1872737e+000  0.0000000e+000
  3.6782274e+000  6.6992867e+000  0.0000000e+000
  3.6677880e+000  6.4670779e+000  0.0000000e+000
  3.2628970e+000  6.2600554e+000  0.0000000e+000
  3.8255368e+000  6.3422675e+000  0.0000000e+000
  3.9753064e+000  6.2784445e+000  0.0000000e+000
  3.1165968e+000  6.1589805e+000  0.0000000e+000
  4.0000427e+000  6.2455578e+000  0.0000000e+000
  3.7116945e+000  6.3718080e+000  0.0000000e+000
  3.5152410e+000  6.0372820e+000  0.0000000e+000
  3.9441397e+000  6.5167986e+000  0.0000000e+000
  3.4661381e+000  6.3154153e+000  0.0000000e+000
  3.5307950e+000  6.7357388e+000  0.0000000e+000
  3.4884936e+000  6.0871101e+000  0.0000000e+000
  4.0137836e+000  5.9083559e+000  0.0000000e+000
  3.9145757e+000  5.6860404e+000  0.0000000e+000
  3.6094298e+000  6.0871989e+000  0.0000000e+000
  3.7000220e+000  6.4229595e+000  0.0000000e+000
  3.5841659e+000  6.4035099e+000  0.0000000e+000
  3.5654940e+000  5.8780505e+000  0.0000000e+000
  3.4990586e+000  6.2445104e+000  0.0000000e+000
  3.9689813e+000  6.2065331e+000  0.0000000e+000
  3.9696097e+000  6.3790770e+000  0.0000000e+000
  3.5545229e+000  6.1502230e+000  0.0000000e+000
  3.8523758e+000  6.2287708e+000  0.0000000e+000
  3.3618893e+000  6.2215319e+000  0.0000000e+000
  3.2294271e+000  6.0419241e+000  0.0000000e+000
  3.6692818e+000  6.9430297e+000  0.0000000e+000
  3.1883795e+000  6.2298912e+000  0.0000000e+000
  3.6668198e+000  6.0812661e+000  0.0000000e+000
  3.8219388e+000  6.5700835e+000  0.0000000e+000
  4.1958538e+000  5.9830710e+000  0.0000000e+000
  3.6943142e+000  5.8824249e+000  0.0000000e+000
  3.4076174e+000  6.6740522e+000  0.0000000e+000
  3.7765174e+000  6.0776883e+000  0.0000000e+000
  3.5370239e+000  6.4024960e+000  0.0000000e+000
  4.3004571e+000  5.8257796e+000  0.0000000e+000
  4.7546494e+000  5.3433591e+000  0.0000000e+000
  4.8140802e+000  5.7157888e+000  0.0000000e+000
  4.4796667e+000  6.2053588e+000  0.0000000e+000
  4.0837996e+000  5.7811212e+000  0.0000000e+000
  4.0342672e+000  5.8628511e+000  0.0000000e+000
  4.0576861e+000  5.7405965e+000  0.0000000e+000
  4.4902012e+000  5.4137554e+000  0.0000000e+000
  4.4517759e+000  5.8751239e+000  0.0000000e+000
  3.5903616e+000  5.6173002e+000  0.0000000e+000
  4.5253682e+000  5.5344911e+000  0.0000000e+000
  4.2532156e+000  5.8315476e+000  0.0000000e+000
  4.0811382e+000  5.7459950e+000  0.0000000e+000
  4.2527593e+000  5.3794099e+000  0.0000000e+000
  4.1987706e+000  5.3594459e+000  0.0000000e+000
  4.7073913e+000  5.6395324e+000  0.0000000e+000
  4.5600291e+000  6.0088529e+000  0.0000000e+000
  4.4200465e+000  5.4834848e+000  0.0000000e+000
  4.6379718e+000  5.6737528e+000  0.0000000e+000
  4.1854376e+000  5.5479548e+000  0.0000000e+000
  4.3511964e+000  5.7039706e+000  0.0000000e+000
  4.2607740e+000  5.9820042e+000  0.0000000e+000
  4.4242731e+000  5.6922335e+000  0.0000000e+000
  4.7375068e+000  6.3356287e+000  0.0000000e+000
  4.6209780e+000  5.8651755e+000  0.0000000e+000
  4.7314918e+000  5.6083744e+000  0.0000000e+000
  4.2735289e+000  5.6702692e+000  0.0000000e+000
  4.6794775e+000  5.5221171e+000  0.0000000e+000
  4.5552778e+000  5.8357866e+000  0.0000000e+000
  4.5242101e+000  5.8110793e+000  0.0000000e+000
  3.9248726e+000  5.8008806e+000  0.0000000e+000
  4.2957512e+000  5.7321492e+000  0.0000000e+000
  4.4390794e+000  5.9159383e+000  0.0000000e+000
  4.6451255e+000  6.0495293e+000  0.0000000e+000
  4.6204853e+000  6.0578128e+000  0.0000000e+000
  4.1534964e+000  6.0942962e+000  0.0000000e+000
  4.3140194e+000  5.7151952e+000  0.0000000e+000
  4.3878634e+000  5.4067213e+000  0.0000000e+000
  4.1970702e+000  5.5062227e+000  0.0000000e+000
  4.2417686e+000  5.8985593e+000  0.0000000e+000
  4.6939553e+000  5.8800738e+000  0.0000000e+000
  3.9137981e+000  6.2640746e+000  0.0000000e+000
  3.9705777e+000  6.0635434e+000  0.0000000e+000
  4.7552177e+000  5.6836320e+000  0.0000000e+000
  4.4362919e+000  5.8370401e+000  0.0000000e+000
  4.7925574e+000  5.4554748e+000  0.0000000e+000
  4.7290733e+000  5.5128481e+000  0.0000000e+000
  4.8408912e+000  5.8507918e+000  0.0000000e+000
  4.4756493e+000  5.1638795e+000  0.0000000e+000
  4.6551652e+000  5.5906956e+000  0.0000000e+000
  4.9485828e+000  5.5623835e+000  0.0000000e+000
  4.4631736e+000  5.8961407e+000  0.0000000e+000
  4.8247159e+000  5.5839059e+000  0.0000000e+000
  4.7572382e+000  5.9287042e+000  0.0000000e+000
  4.3156126e+000  6.0797730e+000  0.0000000e+000
  4.5217778e+000  5.2830235e+000  0.0000000e+000
  4.5271767e+000  5.4402986e+000  0.0000000e+000
  4.4854711e+000  5.6628457e+000  0.0000000e+000
  3.8376020e+000  5.8901430e+000  0.0000000e+000
  4.3784383e+000  5.8219247e+000  0.0000000e+000
  4.4251873e+000  6.1543376e+000  0.0000000e+000
  4.3879414e+000  5.7275700e+000  0.0000000e+000
  4.1953086e+000  5.9146878e+000  0.0000000e+000
  4.4489541e+000  5.6226276e+000  0.0000000e+000
  4.2792760e+000  6.0012228e+000  0.0000000e+000
  4.4067034e+000  5.6896201e+000  0.0000000e+000
  4.6911844e+000  5.8700754e+000  0.0000000e+000
  4.4828145e+000  5.4576987e+000  0.0000000e+000
  4.4491563e+000  5.7032114e+000  0.0000000e+000
  4.5429261e+000  5.8900195e+000  0.0000000e+000
  4.1874507e+000  5.9928766e+000  0.0000000e+000
  4.4317867e+000  5.5127008e+000  0.0000000e+000
  4.6544118e+000  5.7074814e+000  0.0000000e+000
  4.4132774e+000  5.5936883e+000  0.0000000e+000
  3.7207192e+000  5.9896908e+000  0.0000000e+000
  4.6760954e+000  5.6531259e+000  0.0000000e+000
  4.5588505e+000  5.7443508e+000  0.0000000e+000
  4.2034104e+000  5.7170284e+000  0.0000000e+000
  4.4286070e+000  5.6731809e+000  0.0000000e+000
  4.1165471e+000  5.8052721e+000  0.0000000e+000
  4.7437830e+000  5.4443077e+000  0.0000000e+000
  4.8191731e+000  5.9207234e+000  0.0000000e+000
  4.4279582e+000  6.3764239e+000  0.0000000e+000
  4.3718898e+000  5.8766719e+000  0.0000000e+000
  4.2566508e+000  5.9256056e+000  0.0000000e+000
  4.7365986e+000  6.2146062e+000  0.0000000e+000
  4.6292897e+000  5.7195109e+000  0.0000000e+000
  4.0880963e+000  5.5602968e+000  0.0000000e+000
  4.6440947e+000  5.9906750e+000  0.0000000e+000
  4.2890673e+000  6.2458138e+000  0.0000000e+000
  4.5169469e+000  6.0458311e+000  0.0000000e+000
  4.1943783e+000  6.0235517e+000  0.0000000e+000
  4.4393297e+000  5.6059654e+000  0.0000000e+000
  4.7157531e+000  5.7728256e+000  0.0000000e+000
  4.3349571e+000  6.0362472e+000  0.0000000e+000
  4.6941133e+000  6.6317528e+000  0.0000000e+000
  4.1176219e+000  5.3790375e+000  0.0000000e+000
  4.6475780e+000  5.7495708e+000  0.0000000e+000
  4.1602948e+000  5.6863599e+000  0.0000000e+000
  4.3819715e+000  5.5504278e+000  0.0000000e+000
  4.9058951e+000  4.7575207e+000  0.0000000e+000
  4.7493197e+000  4.7996086e+000  0.0000000e+000
  4.7333572e+000  4.6611614e+000  0.0000000e+000
  5.0253710e+000  4.7806947e+000  0.0000000e+000
  4.8720023e+000  5.3746323e+000  0.0000000e+000
  4.5243256e+000  5.0456353e+000  0.0000000e+000
  4.9660123e+000  4.8369086e+000  0.0000000e+000
  4.9613245e+000  4.9152010e+000  0.0000000e+000
  4.7261730e+000  4.9528872e+000  0.0000000e+000
  4.3476569e+000  4.5946642e+000  0.0000000e+000
  4.4579319e+000  5.0141711e+000  0.0000000e+000
  4.6963066e+000  5.2392203e+000  0.0000000e+000
  4.7933139e+000  4.6944406e+000  0.0000000e+000
  4.1372131e+000  4.4836350e+000  0.0000000e+000
  4.5084443e+000  5.4594622e+000  0.0000000e+000
  4.5066414e+000  5.1486907e+000  0.0000000e+000
  4.5180415e+000  4.4012907e+000  0.0000000e+000
  4.6037359e+000  5.0001139e+000  0.0000000e+000
  4.8548065e+000  4.4658289e+000  0.0000000e+000
  4.7509904e+000  4.6170374e+000  0.0000000e+000
  4.8795680e+000  4.8037031e+000  0.0000000e+000
  4.7776771e+000  4.9081025e+000  0.0000000e+000
  4.6375550e+000  4.9945201e+000  0.0000000e+000
  4.7502228e+000  4.8665801e+000  0.0000000e+000
  4.4194913e+000  5.0872640e+000  0.0000000e+000
  4.7623238e+000  5.1961357e+000  0.0000000e+000
  3.8919745e+000  4.5797486e+000  0.0000000e+000
  4.3717959e+000  4.7269739e+000  0.0000000e+000
  4.3511826e+000  4.7944731e+000  0.0000000e+000
  4.4523417e+000  4.5118860e+000  0.0000000e+000
  4.5184082e+000  5.0108454e+000  0.0000000e+000
  4.7789101e+000  5.0816920e+000  0.0000000e+000
  4.5623990e+000  4.4182580e+000  0.0000000e+000
  4.5439525e+000  4.5413552e+000  0.0000000e+000
  4.6341088e+000  4.7741276e+000  0.0000000e+000
  3.9379524e+000  4.7090044e+000  0.0000000e+000
  4.3200829e+000  4.8194001e+000  0.0000000e+000
  4.7630473e+000  4.8446206e+000  0.0000000e+000
  4.3071181e+000  4.7286172e+000  0.0000000e+000
  4.7206609e+000  4.5390105e+000  0.0000000e+000
  4.5645613e+000  5.0899524e+000  0.0000000e+000
  4.7378877e+000  4.9186867e+000  0.0000000e+000
  4.2129085e+000  4.9525795e+000  0.0000000e+000
  4.7686664e+000  5.0240731e+000  0.0000000e+000
  4.7237820e+000  4.5650917e+000  0.0000000e+000
  4.4448072e+000  4.5355042e+000  0.0000000e+000
  4.8076899e+000  5.1720269e+000  0.0000000e+000
  4.5139632e+000  4.5921939e+000  0.0000000e+000
  4.7477555e+000  4.2514123e+000  0.0000000e+000
  4.6601872e+000  4.8109868e+000  0.0000000e+000
  4.4103910e+000  5.0046338e+000  0.0000000e+000
  4.5915829e+000  4.9072044e+000  0.0000000e+000
  4.8692510e+000  4.9297144e+000  0.0000000e+000
  5.1095509e+000  4.7503732e+000  0.0000000e+000
  4.3544360e+000  5.0772978e+000  0.0000000e+000
  4.5504399e+000  5.0488832e+000  0.0000000e+000
  3.9885739e+000  4.8518156e+000  0.0000000e+000
  4.4703449e+000  4.8800504e+000  0.0000000e+000
  4.5586525e+000  4.7995085e+000  0.0000000e+000
  5.0178593e+000  4.6513962e+000  0.0000000e+000
  4.9302301e+000  4.8554872e+000  0.0000000e+000
  4.0563815e+000  4.9242195e+000  0.0000000e+000
  5.0469664e+000  4.8367775e+000  0.0000000e+000
  4.4940733e+000  4.9190394e+000  0.0000000e+000
  4.4051665e+000  4.8587056e+000  0.0000000e+000
  4.5637680e+000  4.5513758e+000  0.0000000e+000
  4.8650430e+000  4.3444277e+000  0.0000000e+000
  4.1955294e+000  4.9636123e+000  0.0000000e+000
  4.7372759e+000  4.7702443e+000  0.0000000e+000
  4.2144424e+000  5.1442900e+000  0.0000000e+000
  4.6845526e+000  4.6588663e+000  0.0000000e+000
  4.4561719e+000  4.4714989e+000  0.0000000e+000
  4.5166690e+000  4.8700653e+000  0.0000000e+000
  4.5761741e+000  5.0623308e+000  0.0000000e+000
  4.8573539e+000  5.2616461e+000  0.0000000e+000
  4.4668781e+000  4.6173498e+000  0.0000000e+000
  4.6714641e+000  4.7941938e+000  0.0000000e+000
  4.2455713e+000  4.9497526e+000  0.0000000e+000
  4.9426264e+000  4.3403599e+000  0.0000000e+000
  4.7787680e+000  4.7199286e+000  0.0000000e+000
  5.2939522e+000  4.9472108e+000  0.0000000e+000
  4.3183590e+000  4.7135205e+000  0.0000000e+000
  4.7552958e+000  4.9949075e+000  0.0000000e+000
  4.7625403e+000  5.1192585e+000  0.0000000e+000
  4.4772644e+000  5.0436637e+000  0.0000000e+000
  4.6084866e+000  4.5384322e+000  0.0000000e+000
  4.5392643e+000  4.4915573e+000  0.0000000e+000
  4.6562429e+000  5.2677262e+000  0.0000000e+000
  4.8060938e+000  4.6543999e+000  0.0000000e+000
  4.5164339e+000  4.6494955e+000  0.0000000e+000
  4.7104682e+000  5.0595456e+000  0.0000000e+000
  4.3787229e+000  5.1523660e+000  0.0000000e+000
  4.5342336e+000  5.0681891e+000  0.0000000e+000
  4.8753603e+000  5.0939283e+000  0.0000000e+000
  5.0794387e+000  4.5016914e+000  0.0000000e+000
  4.9889044e+000  5.3847718e+000  0.0000000e+000
  4.6377756e+000  4.5305531e+000  0.0000000e+000
  4.7956778e+000  4.6844876e+000  0.0000000e+000
  4.5704197e+000  4.7447137e+000  0.0000000e+000
  4.6241996e+000  4.6620418e+000  0.0000000e+000
  4.7934152e+000  4.0073028e+000  0.0000000e+000
  4.3634015e+000  3.6090593e+000  0.0000000e+000
  4.6050542e+000  3.7116244e+000  0.0000000e+000
  4.7286591e+000  3.8280834e+000  0.0000000e+000
  4.3109102e+000  4.3612408e+000  0.0000000e+000
  4.3444231e+000  3.9076339e+000  0.0000000e+000
  4.2196105e+000  3.8495110e+000  0.0000000e+000
  4.6243611e+000  3.7367001e+000  0.0000000e+000
  4.8499543e+000  3.7681656e+000  0.0000000e+000
  4.8951995e+000  4.0372472e+000  0.0000000e+000
  5.2480068e+000  3.9818261e+000  0.0000000e+000
  4.6111097e+000  3.7443736e+000  0.0000000e+000
  4.7034613e+000  3.8599158e+000  0.0000000e+000
  4.5999908e+000  4.0801297e+000  0.0000000e+000
  4.4271512e+000  3.6979552e+000  0.0000000e+000
  4.5148711e+000  3.8602333e+000  0.0000000e+000
  5.0513554e+000  3.9091220e+000  0.0000000e+000
  4.2606211e+000  3.3831075e+000  0.0000000e+000
  4.8168282e+000  3.8237523e+000  0.0000000e+000
  4.4089044e+000  3.7163231e+000  0.0000000e+000
  4.3282031e+000  3.4408719e+000  0.0000000e+000
  4.7053905e+000  3.6343020e+000  0.0000000e+000
  4.2850501e+000  3.5157097e+000  0.0000000e+000
  4.5839337e+000  3.8742535e+000  0.0000000e+000
  4.6736764e+000  3.7627600e+000  0.0000000e+000
  4.9028562e+000  3.6873655e+000  0.0000000e+000
  4.6085280e+000  3.9212719e+000  0.0000000e+000
  4.3644453e+000  3.6382078e+000  0.0000000e+000
  4.1288067e+000  4.2012379e+000  0.0000000e+000
  4.7344325e+000  4.3395073e+000  0.0000000e+000
  4.1841692e+000  3.7937329e+000  0.0000000e+000
  4.9050107e+000  4.3307421e+000  0.0000000e+000
  4.7091964e+000  4.2039487e+000  0.0000000e+000
  4.5710869e+000  3.4344771e+000  0.0000000e+000
  4.9072615e+000  3.2618113e+000  0.0000000e+000
  4.6881272e+000  3.4023470e+000  0.0000000e+000
  4.3265855e+000  3.9715743e+000  0.0000000e+000
  4.9330672e+000  3.8153664e+000  0.0000000e+000
  4.6589810e+000  4.4775740e+000  0.0000000e+000
  4.9164963e+000  3.7825186e+000  0.0000000e+000
  4.5215568e+000  3.8120094e+000  0.0000000e+000
  4.6993521e+000  4.0225267e+000  0.0000000e+000
  4.3781097e+000  3.8995390e+000  0.0000000e+000
  4.4489514e+000  3.2106351e+000  0.0000000e+000
  3.8318066e+000  3.5731875e+000  0.0000000e+000
  5.2542670e+000  3.6616902e+000  0.0000000e+000
  4.1801596e+000  3.4772657e+000  0.0000000e+000
  4.7415305e+000  3.8669510e+000  0.0000000e+000
  4.6028790e+000  3.7378180e+000  0.0000000e+000
  4.3198177e+000  4.0868985e+000  0.0000000e+000
  4.9213170e+000  3.6833294e+000  0.0000000e+000
  4.3450490e+000  3.6022586e+000  0.0000000e+000
  4.8248113e+000  3.5817051e+000  0.0000000e+000
  4.5466240e+000  3.6778720e+000  0.0000000e+000
  4.5678165e+000  3.9558815e+000  0.0000000e+000
  4.7194434e+000  3.6974954e+000  0.0000000e+000
  5.0520911e+000  3.6434273e+000  0.0000000e+000
  5.0937118e+000  3.8144521e+000  0.0000000e+000
  4.6040149e+000  3.8429413e+000  0.0000000e+000
  4.6891394e+000  3.7747881e+000  0.0000000e+000
  4.4886053e+000  3.7618922e+000  0.0000000e+000
  4.7156814e+000  4.3092102e+000  0.0000000e+000
  4.7279198e+000  4.1797128e+000  0.0000000e+000
  4.9226437e+000  3.5485928e+000  0.0000000e+000
  4.6796217e+000  4.5046910e+000  0.0000000e+000
  4.8070269e+000  3.6013014e+000  0.0000000e+000
  4.8752659e+000  3.6402994e+000  0.0000000e+000
  4.5936238e+000  3.6772040e+000  0.0000000e+000
  4.6490758e+000  3.8049427e+000  0.0000000e+000
  4.4450995e+000  3.7969310e+000  0.0000000e+000
  4.6691960e+000  3.8985693e+000  0.0000000e+000
  5.0401834e+000  3.7998908e+000  0.0000000e+000
  4.4721331e+000  3.7311529e+000  0.0000000e+000
  4.4068303e+000  3.5440502e+000  0.0000000e+000
  4.7609933e+000  3.6432464e+000  0.0000000e+000
  4.6769947e+000  3.6696343e+000  0.0000000e+000
  4.5966832e+000  4.0205858e+000  0.0000000e+000
  4.9184455e+000  4.0919698e+000  0.0000000e+000
  4.6707756e+000  3.9520517e+000  0.0000000e+000
  4.6464915e+000  3.9414093e+000  0.0000000e+000
  4.4258605e+000  3.8612516e+000  0.0000000e+000
  4.6763189e+000  3.7692576e+000  0.0000000e+000
  4.6390795e+000  3.9685541e+000  0.0000000e+000
  4.9496326e+000  3.7282793e+000  0.0000000e+000
  4.4021694e+000  3.6369516e+000  0.0000000e+000
  4.4392858e+000  4.0062497e+000  0.0000000e+000
  4.4820593e+000  3.8497411e+000  0.0000000e+000
  4.5424113e+000  3.5108043e+000  0.0000000e+000
  4.5475483e+000  3.7025755e+000  0.0000000e+000
  4.6739563e+000  3.8198739e+000  0.0000000e+000
  4.8318972e+000  4.0748423e+000  0.0000000e+000
  4.9272040e+000  3.9999840e+000  0.0000000e+000
  4.5503158e+000  3.9066379e+000  0.0000000e+000
  4.3528859e+000  3.9675890e+000  0.0000000e+000
  4.7715364e+000  3.5347890e+000  0.0000000e+000
  4.5315501e+000  3.9789894e+000  0.0000000e+000
  4.6104232e+000  3.7637010e+000  0.0000000e+000
  4.0075916e+000  3.5686280e+000  0.0000000e+000
  4.2788358e+000  4.1266155e+000  0.0000000e+000
  4.6737304e+000  3.3493296e+000  0.0000000e+000
  4.4478963e+000  2.7043240e+000  0.0000000e+000
  4.5144759e+000  3.0120574e+000  0.0000000e+000
  4.7006212e+000  2.3592325e+000  0.0000000e+000
  4.6981222e+000  2.5427023e+000  0.0000000e+000
  3.9461605e+000  2.7968195e+000  0.0000000e+000
  4.2324070e+000  2.6546740e+000  0.0000000e+000
  4.3918392e+000  2.6391746e+000  0.0000000e+000
  4.4918598e+000  3.0003269e+000  0.0000000e+000
  4.3688067e+000  2.5313128e+000  0.0000000e+000
  4.3775046e+000  2.8750277e+000  0.0000000e+000
  4.3655674e+000  2.9066341e+000  0.0000000e+000
  4.0451680e+000  2.8360727e+000  0.0000000e+000
  4.2962116e+000  2.8769841e+000  0.0000000e+000
  4.3493502e+000  3.3349489e+000  0.0000000e+000
  4.4218608e+000  3.0595031e+000  0.0000000e+000
  4.4699080e+000  2.7927825e+000  0.0000000e+000
  4.6349782e+000  3.1212934e+000  0.0000000e+000
  4.0027159e+000  2.5144083e+000  0.0000000e+000
  4.0322093e+000  2.8583074e+000  0.0000000e+000
  4.3176064e+000  2.6595554e+000  0.0000000e+000
  4.7245601e+000  2.5997092e+000  0.0000000e+000
  4.2248226e+000  3.1059389e+000  0.0000000e+000
  4.0849235e+000  3.0908615e+000  0.0000000e+000
  4.6737625e+000  2.7482627e+000  0.0000000e+000
  4.4133750e+000  2.7549721e+000  0.0000000e+000
  4.2831093e+000  3.4279293e+000  0.0000000e+000
  4.6247168e+000  2.7353927e+000  0.0000000e+000
  4.5063059e+000  2.5061494e+000  0.0000000e+000
  4.4104517e+000  2.4749167e+000  0.0000000e+000
  4.7355759e+000  3.1515954e+000  0.0000000e+000
  4.4968618e+000  2.8143724e+000  0.0000000e+000
  5.0549538e+000  3.1651620e+000  0.0000000e+000
  4.6165679e+000  2.7408776e+000  0.0000000e+000
  4.5628080e+000  3.2588506e+000  0.0000000e+000
  4.4951854e+000  2.7848541e+000  0.0000000e+000
  4.7506672e+000  3.6343622e+000  0.0000000e+000
  5.0493260e+000  2.9904636e+000  0.0000000e+000
  4.3945809e+000  3.1312108e+000  0.0000000e+000
  4.5393393e+000  2.8624322e+000  0.0000000e+000
  4.7473761e+000  2.8627676e+000  0.0000000e+000
  4.3791796e+000  2.5302954e+000  0.0000000e+000
  3.8375064e+000  3.1637299e+000  0.0000000e+000
  4.7335312e+000  3.2646731e+000  0.0000000e+000
  4.0403749e+000  2.9710687e+000  0.0000000e+000
  4.4511609e+000  2.8683016e+000  0.0000000e+000
  4.2908641e+000  3.1896287e+000  0.0000000e+000
  4.6572760e+000  2.9772962e+000  0.0000000e+000
  4.6217754e+000  2.6939919e+000  0.0000000e+000
  4.1557313e+000  3.0483798e+000  0.0000000e+000
  4.1353952e+000  2.9052363e+000  0.0000000e+000
  4.3071256e+000  2.8314538e+000  0.0000000e+000
  4.4846420e+000  2.7593119e+000  0.0000000e+000
  4.4140700e+000  2.8076564e+000  0.0000000e+000
  4.1952687e+000  2.6747279e+000  0.0000000e+000
  4.4324438e+000  2.5725878e+000  0.0000000e+000
  4.8046786e+000  3.0780135e+000  0.0000000e+000
  4.6140668e+000  3.2687789e+000  0.0000000e+000
  4.1598854e+000  2.9431809e+000  0.0000000e+000
  4.8045645e+000  2.8396051e+000  0.0000000e+000
  4.4607177e+000  2.7577033e+000  0.0000000e+000
  4.6659648e+000  2.5623707e+000  0.0000000e+000
  4.7777790e+000  2.3259022e+000  0.0000000e+000
  4.6593002e+000  3.0728908e+000  0.0000000e+000
  4.3702635e+000  3.0532118e+000  0.0000000e+000
  4.2619168e+000  2.3690905e+000  0.0000000e+000
  4.7562430e+000  2.4345582e+000  0.0000000e+000
  4.7598949e+000  2.7702490e+000  0.0000000e+000
  4.1720910e+000  2.8378613e+000  0.0000000e+000
  4.3820533e+000  2.9071488e+000  0.0000000e+000
  3.9384516e+000  2.4299123e+000  0.0000000e+000
  4.3229645e+000  2.6487806e+000  0.0000000e+000
  4.4893153e+000  3.0432252e+000  0.0000000e+000
  4.6419344e+000  2.5911949e+000  0.0000000e+000
  4.2751367e+000  3.2950798e+000  0.0000000e+000
  4.4050875e+000  2.8650283e+000  0.0000000e+000
  4.0239245e+000  3.0892358e+000  0.0000000e+000
  4.4356796e+000  2.3218243e+000  0.0000000e+000
  4.4196989e+000  3.0683222e+000  0.0000000e+000
  4.1102364e+000  2.5146885e+000  0.0000000e+000
  4.2246014e+000  2.9516275e+000  0.0000000e+000
  4.3454904e+000  2.6810371e+000  0.0000000e+000
  4.2693711e+000  3.0458017e+000  0.0000000e+000
  4.5444805e+000  2.6920398e+000  0.0000000e+000
  4.3857428e+000  2.7232758e+000  0.0000000e+000
  4.7402476e+000  3.1628868e+000  0.0000000e+000
  4.3001270e+000  2.5067964e+000  0.0000000e+000
  4.4199740e+000  3.3870374e+000  0.0000000e+000
  4.4986291e+000  2.9054049e+000  0.0000000e+000
  4.6035232e+000  3.0863264e+000  0.0000000e+000
  4.6993390e+000  3.2648350e+000  0.0000000e+000
  4.2711329e+000  2.9500635e+000  0.0000000e+000
  4.4729080e+000  3.0640782e+000  0.0000000e+000
  4.6082817e+000  2.4358174e+000  0.0000000e+000
  3.9764861e+000  2.6025607e+000  0.0000000e+000
  4.5010409e+000  3.1377169e+000  0.0000000e+000
  4.2087061e+000  3.4084850e+000  0.0000000e+000
  4.2674962e+000  3.0194511e+000  0.0000000e+000
  4.2270618e+000  2.8157899e+000  0.0000000e+000
  4.0809024e+000  2.9049128e+000  0.0000000e+000
  4.3187616e+000  3.0748157e+000  0.0000000e+000
  2.8028994e+000  7.6930693e+000  1.0000000e+000
  2.8674129e+000  8.0122948e+000  1.0000000e+000
  2.2902978e+000  7.2869075e+000  1.0000000e+000
  2.7360540e+000  7.5732351e+000  1.0000000e+000
  2.6546958e+000  7.7294294e+000  1.0000000e+000
  2.6936518e+000  7.9641460e+000  1.0000000e+000
  2.8269508e+000  7.4429145e+000  1.0000000e+000
  2.8125489e+000  7.6629018e+000  1.0000000e+000
  2.1934605e+000  7.4482610e+000  1.0000000e+000
  2.6680418e+000  8.0249872e+000  1.0000000e+000
  3.0685425e+000  7.4371008e+000  1.0000000e+000
  2.5477912e+000  7.1855791e+000  1.0000000e+000
  2.8245877e+000  7.6391006e+000  1.0000000e+000
  2.6604885e+000  7.1283783e+000  1.0000000e+000
  2.8981579e+000  7.6143122e+000  1.0000000e+000
  2.5630614e+000  7.4209440e+000  1.0000000e+000
  2.3730206e+000  7.7180923e+000  1.0000000e+000
  2.6511260e+000  7.7385683e+000  1.0000000e+000
  2.9559229e+000  7.3026567e+000  1.0000000e+000
  2.7482228e+000  7.3324459e+000  1.0000000e+000
  2.5111559e+000  7.6397505e+000  1.0000000e+000
  2.6387510e+000  7.5339531e+000  1.0000000e+000
  2.6911979e+000  7.6818050e+000  1.0000000e+000
  3.0509770e+000  7.3718023e+000  1.0000000e+000
  2.5599909e+000  7.5566383e+000  1.0000000e+000
  2.2237729e+000  7.2381404e+000  1.0000000e+000
  2.4333783e+000  7.3886404e+000  1.0000000e+000
  2.5347420e+000  7.3316132e+000  1.0000000e+000
  2.3906497e+000  7.6696595e+000  1.0000000e+000
  2.0239558e+000  7.4653304e+000  1.0000000e+000
  2.4683935e+000  7.2143342e+000  1.0000000e+000
  2.7753948e+000  7.7743015e+000  1.0000000e+000
  2.2426212e+000  7.7645634e+000  1.0000000e+000
  2.3840242e+000  7.5352886e+000  1.0000000e+000
  2.4373914e+000  7.6335562e+000  1.0000000e+000
  2.8076449e+000  7.5746677e+000  1.0000000e+000
  2.6165625e+000  7.5466739e+000  1.0000000e+000
  2.9358364e+000  7.4601794e+000  1.0000000e+000
  2.4811614e+000  7.5421699e+000  1.0000000e+000
  2.5331860e+000  7.8044311e+000  1.0000000e+000
  2.6865016e+000  7.9735795e+000  1.0000000e+000
  2.7077767e+000  7.9465547e+000  1.0000000e+000
  2.6400373e+000  7.1401633e+000  1.0000000e+000
  2.6075855e+000  7.3036003e+000  1.0000000e+000
  2.5534046e+000  7.1340138e+000  1.0000000e+000
  2.6773778e+000  7.7751916e+000  1.0000000e+000
  2.6362774e+000  7.7515742e+000  1.0000000e+000
  2.4798537e+000  7.3865403e+000  1.0000000e+000
  2.5900190e+000  7.2553631e+000  1.0000000e+000
  2.7735097e+000  7.5868259e+000  1.0000000e+000
  2.4620174e+000  7.7063062e+000  1.0000000e+000
  3.0427851e+000  7.5752730e+000  1.0000000e+000
  2.9791242e+000  7.6650445e+000  1.0000000e+000
  2.4934280e+000  7.2390102e+000  1.0000000e+000
  2.4810847e+000  7.8537889e+000  1.0000000e+000
  2.7634237e+000  7.0426925e+000  1.0000000e+000
  2.7198835e+000  7.2813195e+000  1.0000000e+000
  2.5512978e+000  7.3946417e+000  1.0000000e+000
  2.6217408e+000  7.4859688e+000  1.0000000e+000
  2.5498600e+000  7.3944996e+000  1.0000000e+000
  2.5272713e+000  7.8443148e+000  1.0000000e+000
  2.4125600e+000  7.2296920e+000  1.0000000e+000
  2.9425856e+000  7.0159391e+000  1.0000000e+000
  2.5122021e+000  7.6285488e+000  1.0000000e+000
  2.8556600e+000  7.7229459e+000  1.0000000e+000
  2.4824767e+000  7.9816199e+000  1.0000000e+000
  2.9329525e+000  7.4715420e+000  1.0000000e+000
  2.3154605e+000  7.4164443e+000  1.0000000e+000
  2.7687172e+000  7.5382286e+000  1.0000000e+000
  2.6986918e+000  7.7865827e+000  1.0000000e+000
  2.5460623e+000  8.0160050e+000  1.0000000e+000
  2.6267830e+000  7.2928694e+000  1.0000000e+000
  2.5931035e+000  7.4928901e+000  1.0000000e+000
  2.8736016e+000  7.4400572e+000  1.0000000e+000
  2.5457183e+000  7.4060301e+000  1.0000000e+000
  2.8443251e+000  7.4313600e+000  1.0000000e+000
  3.0343603e+000  7.6778569e+000  1.0000000e+000
  2.8148696e+000  7.9666503e+000  1.0000000e+000
  2.5259187e+000  7.5292814e+000  1.0000000e+000
  2.7363559e+000  7.6215331e+000  1.0000000e+000
  2.3559062e+000  7.5265247e+000  1.0000000e+000
  2.4995616e+000  7.1949641e+000  1.0000000e+000
  2.1995883e+000  6.8591319e+000  1.0000000e+000
  2.5736814e+000  7.4679796e+000  1.0000000e+000
  2.5791127e+000  7.6704123e+000  1.0000000e+000
  3.2049536e+000  7.6356017e+000  1.0000000e+000
  2.6395056e+000  8.0160497e+000  1.0000000e+000
  2.6484376e+000  8.1788548e+000  1.0000000e+000
  2.2817901e+000  7.7085604e+000  1.0000000e+000
  2.5600940e+000  7.5902904e+000  1.0000000e+000
  2.6085848e+000  7.2444631e+000  1.0000000e+000
  2.4675881e+000  7.7034331e+000  1.0000000e+000
  2.3427311e+000  7.7371505e+000  1.0000000e+000
  2.8304276e+000  8.0595169e+000  1.0000000e+000
  2.3582870e+000  7.6383072e+000  1.0000000e+000
  2.7452519e+000  7.2455845e+000  1.0000000e+000
  2.4248121e+000  7.5680413e+000  1.0000000e+000
  2.2205744e+000  7.4849306e+000  1.0000000e+000
  2.3011153e+000  7.3116707e+000  1.0000000e+000
  2.5965613e+000  7.7227106e+000  1.0000000e+000
  2.5015808e+000  8.7570768e+000  1.0000000e+000
  2.7326073e+000  8.3599002e+000  1.0000000e+000
  2.2868327e+000  8.3009943e+000  1.0000000e+000
  2.4630236e+000  9.0013833e+000  1.0000000e+000
  2.4866240e+000  8.6463024e+000  1.0000000e+000
  2.6066153e+000  8.7679528e+000  1.0000000e+000
  2.9250259e+000  8.2138660e+000  1.0000000e+000
  2.8121613e+000  8.5761942e+000  1.0000000e+000
  2.5824692e+000  8.6136871e+000  1.0000000e+000
  2.5776179e+000  8.8217344e+000  1.0000000e+000
  2.6416399e+000  9.1452727e+000  1.0000000e+000
  2.8773788e+000  8.9535073e+000  1.0000000e+000
  2.3977253e+000  8.4021098e+000  1.0000000e+000
  2.5375499e+000  8.1598118e+000  1.0000000e+000
  2.6430040e+000  8.8061956e+000  1.0000000e+000
  2.1484086e+000  8.6271737e+000  1.0000000e+000
  2.3012958e+000  9.0672712e+000  1.0000000e+000
  2.7578598e+000  8.4669186e+000  1.0000000e+000
  2.7486099e+000  8.6193180e+000  1.0000000e+000
  2.8748237e+000  8.8746944e+000  1.0000000e+000
  2.1572251e+000  8.9884854e+000  1.0000000e+000
  2.5378641e+000  8.9974812e+000  1.0000000e+000
  2.4585153e+000  8.7467340e+000  1.0000000e+000
  2.5446833e+000  8.6185915e+000  1.0000000e+000
  2.3731785e+000  8.4587293e+000  1.0000000e+000
  2.2054234e+000  8.9184804e+000  1.0000000e+000
  2.5710963e+000  8.2458152e+000  1.0000000e+000
  2.1548735e+000  8.6130280e+000  1.0000000e+000
  2.6610126e+000  9.0932997e+000  1.0000000e+000
  2.2967061e+000  8.6310735e+000  1.0000000e+000
  2.2932795e+000  8.4337174e+000  1.0000000e+000
  2.5496904e+000  9.0611496e+000  1.0000000e+000
  2.8189768e+000  8.7754276e+000  1.0000000e+000
  2.9532323e+000  8.8334139e+000  1.0000000e+000
  2.6049041e+000  8.4706784e+000  1.0000000e+000
  2.8285073e+000  9.0666433e+000  1.0000000e+000
  2.2574887e+000  8.7659150e+000  1.0000000e+000
  2.7852867e+000  8.5413223e+000  1.0000000e+000
  2.6781830e+000  9.0602877e+000  1.0000000e+000
  2.5309770e+000  8.9090294e+000  1.0000000e+000
  2.4501553e+000  8.8970530e+000  1.0000000e+000
  2.1654189e+000  8.4258362e+000  1.0000000e+000
  2.3929350e+000  8.8381203e+000  1.0000000e+000
  2.7255025e+000  8.8774361e+000  1.0000000e+000
  2.7602907e+000  8.8011810e+000  1.0000000e+000
  2.5411043e+000  8.4480123e+000  1.0000000e+000
  2.8462109e+000  7.9938579e+000  1.0000000e+000
  2.7023470e+000  9.0825584e+000  1.0000000e+000
  2.6914570e+000  8.1995943e+000  1.0000000e+000
  2.1295672e+000  8.2790675e+000  1.0000000e+000
  2.5292386e+000  8.2605191e+000  1.0000000e+000
  2.8425730e+000  8.6132304e+000  1.0000000e+000
  2.4117356e+000  9.4007881e+000  1.0000000e+000
  2.6514614e+000  8.3674026e+000  1.0000000e+000
  2.7211654e+000  8.7711578e+000  1.0000000e+000
  2.4012823e+000  9.1924466e+000  1.0000000e+000
  2.7582450e+000  8.8821716e+000  1.0000000e+000
  2.7420031e+000  8.4929048e+000  1.0000000e+000
  2.6751798e+000  8.4288207e+000  1.0000000e+000
  2.7769030e+000  8.6212972e+000  1.0000000e+000
  2.2787121e+000  8.6388605e+000  1.0000000e+000
  2.4499677e+000  8.8949703e+000  1.0000000e+000
  2.2809558e+000  8.7815091e+000  1.0000000e+000
  2.7982134e+000  8.4237177e+000  1.0000000e+000
  2.7617297e+000  9.0758572e+000  1.0000000e+000
  2.9774633e+000  8.4686899e+000  1.0000000e+000
  2.9329449e+000  8.3308665e+000  1.0000000e+000
  2.6642378e+000  8.7005114e+000  1.0000000e+000
  2.7952545e+000  8.5233958e+000  1.0000000e+000
  2.7833212e+000  8.1721047e+000  1.0000000e+000
  2.2889816e+000  8.8872433e+000  1.0000000e+000
  2.8370004e+000  8.9951726e+000  1.0000000e+000
  2.2208206e+000  8.7652894e+000  1.0000000e+000
  2.6557838e+000  8.6002621e+000  1.0000000e+000
  2.7334193e+000  8.7888051e+000  1.0000000e+000
  2.8092166e+000  8.8222484e+000  1.0000000e+000
  2.7893522e+000  8.4725175e+000  1.0000000e+000
  2.6630616e+000  8.8061238e+000  1.0000000e+000
  2.8049166e+000  8.7727417e+000  1.0000000e+000
  2.1022580e+000  8.6982404e+000  1.0000000e+000
  2.8550263e+000  8.3386087e+000  1.0000000e+000
  2.1849580e+000  8.3833871e+000  1.0000000e+000
  2.5450127e+000  8.5366975e+000  1.0000000e+000
  2.2744071e+000  8.6991460e+000  1.0000000e+000
  2.1596679e+000  8.9323505e+000  1.0000000e+000
  2.5551438e+000  9.1249182e+000  1.0000000e+000
  2.6577052e+000  8.2243496e+000  1.0000000e+000
  2.8451768e+000  8.4548833e+000  1.0000000e+000
  2.4347434e+000  8.5388186e+000  1.0000000e+000
  2.2707006e+000  7.9961055e+000  1.0000000e+000
  2.7907461e+000  8.8983498e+000  1.0000000e+000
  2.7577813e+000  8.7133326e+000  1.0000000e+000
  2.4116170e+000  8.0255096e+000  1.0000000e+000
  2.4173179e+000  8.6802821e+000  1.0000000e+000
  2.4126328e+000  8.6348467e+000  1.0000000e+000
  2.5213602e+000  8.6202905e+000  1.0000000e+000
  2.3684920e+000  8.6907467e+000  1.0000000e+000
  3.0086078e+000  8.7223940e+000  1.0000000e+000
  2.7341758e+000  8.5584981e+000  1.0000000e+000
  2.2950173e+000  8.5410320e+000  1.0000000e+000
  1.6045681e+000  9.3761292e+000  1.0000000e+000
  2.4287944e+000  9.6259403e+000  1.0000000e+000
  1.6932398e+000  9.0657153e+000  1.0000000e+000
  2.3291520e+000  9.3231236e+000  1.0000000e+000
  2.2039430e+000  9.3518287e+000  1.0000000e+000
  2.2783950e+000  8.9762053e+000  1.0000000e+000
  2.0234131e+000  9.1703703e+000  1.0000000e+000
  1.8189763e+000  8.9821262e+000  1.0000000e+000
  1.8814011e+000  9.3807148e+000  1.0000000e+000
  2.0386263e+000  9.2563051e+000  1.0000000e+000
  1.9234550e+000  8.6932278e+000  1.0000000e+000
  2.0138425e+000  9.4897794e+000  1.0000000e+000
  1.7466272e+000  9.3617892e+000  1.0000000e+000
  2.0400912e+000  9.3754694e+000  1.0000000e+000
  1.9626469e+000  9.5288512e+000  1.0000000e+000
  2.3291441e+000  9.9007241e+000  1.0000000e+000
  2.1626118e+000  9.0213699e+000  1.0000000e+000
  1.7009521e+000  9.5644696e+000  1.0000000e+000
  1.8514583e+000  9.0503019e+000  1.0000000e+000
  2.1341723e+000  9.6354099e+000  1.0000000e+000
  2.2109193e+000  9.5132576e+000  1.0000000e+000
  1.6406175e+000  9.4374785e+000  1.0000000e+000
  2.6228458e+000  9.6277777e+000  1.0000000e+000
  2.0163272e+000  9.3440299e+000  1.0000000e+000
  2.0419986e+000  9.4277125e+000  1.0000000e+000
  2.0128542e+000  9.4431125e+000  1.0000000e+000
  1.9231627e+000  9.5350848e+000  1.0000000e+000
  1.3644065e+000  9.1758307e+000  1.0000000e+000
  2.1758830e+000  9.2645421e+000  1.0000000e+000
  1.7914050e+000  9.1520598e+000  1.0000000e+000
  1.8241664e+000  9.7899689e+000  1.0000000e+000
  2.0758289e+000  9.2200359e+000  1.0000000e+000
  2.0605578e+000  9.1402554e+000  1.0000000e+000
  1.9386397e+000  9.0524376e+000  1.0000000e+000
  1.7071202e+000  9.5837407e+000  1.0000000e+000
  2.1718364e+000  9.5308381e+000  1.0000000e+000
  2.1023366e+000  9.0836912e+000  1.0000000e+000
  1.5669876e+000  9.1923973e+000  1.0000000e+000
  2.2134670e+000  1.0041878e+001  1.0000000e+000
  1.6032449e+000  9.7730398e+000  1.0000000e+000
  2.1790147e+000  9.0464703e+000  1.0000000e+000
  1.5660547e+000  9.1186976e+000  1.0000000e+000
  1.9710063e+000  9.5274356e+000  1.0000000e+000
  1.7590463e+000  9.2514988e+000  1.0000000e+000
  1.5887617e+000  8.9090810e+000  1.0000000e+000
  1.9883236e+000  9.6334583e+000  1.0000000e+000
  1.8685614e+000  9.2273746e+000  1.0000000e+000
  2.1726992e+000  9.1753175e+000  1.0000000e+000
  1.8503298e+000  9.1508498e+000  1.0000000e+000
  1.9936623e+000  9.3091594e+000  1.0000000e+000
  2.1034201e+000  9.2255894e+000  1.0000000e+000
  2.0116258e+000  9.4770592e+000  1.0000000e+000
  1.4892385e+000  9.3222308e+000  1.0000000e+000
  1.9799417e+000  9.1013179e+000  1.0000000e+000
  1.8506708e+000  9.3085053e+000  1.0000000e+000
  1.9456086e+000  9.1957065e+000  1.0000000e+000
  2.0572946e+000  9.1674382e+000  1.0000000e+000
  1.8733023e+000  9.3433176e+000  1.0000000e+000
  2.0066785e+000  9.0529062e+000  1.0000000e+000
  1.8348114e+000  9.4873602e+000  1.0000000e+000
  1.7093750e+000  9.4595249e+000  1.0000000e+000
  1.5410475e+000  9.3724866e+000  1.0000000e+000
  1.7569198e+000  9.3011219e+000  1.0000000e+000
  1.6992878e+000  8.9840479e+000  1.0000000e+000
  1.9466834e+000  8.9360360e+000  1.0000000e+000
  2.1162341e+000  9.2519752e+000  1.0000000e+000
  1.6924194e+000  9.1927870e+000  1.0000000e+000
  1.8662225e+000  9.5177593e+000  1.0000000e+000
  1.9726322e+000  9.5021262e+000  1.0000000e+000
  1.4836107e+000  9.5662318e+000  1.0000000e+000
  1.9418857e+000  8.8600206e+000  1.0000000e+000
  1.8763386e+000  9.2079046e+000  1.0000000e+000
  2.1871901e+000  9.4028290e+000  1.0000000e+000
  1.7246932e+000  9.3596257e+000  1.0000000e+000
  2.0770220e+000  9.0837448e+000  1.0000000e+000
  1.8207708e+000  9.6314467e+000  1.0000000e+000
  1.7481031e+000  9.1433865e+000  1.0000000e+000
  2.2747221e+000  9.4397890e+000  1.0000000e+000
  1.5569265e+000  9.4484684e+000  1.0000000e+000
  1.5276398e+000  9.1458376e+000  1.0000000e+000
  1.6579450e+000  9.6177264e+000  1.0000000e+000
  1.8149936e+000  9.1023644e+000  1.0000000e+000
  1.8042654e+000  9.0756705e+000  1.0000000e+000
  1.7625885e+000  9.5967679e+000  1.0000000e+000
  1.7635488e+000  9.2640371e+000  1.0000000e+000
  1.5241594e+000  9.5625489e+000  1.0000000e+000
  1.9338729e+000  8.9427864e+000  1.0000000e+000
  2.5678386e+000  9.2308721e+000  1.0000000e+000
  1.9814142e+000  9.1040159e+000  1.0000000e+000
  1.6860907e+000  9.0406420e+000  1.0000000e+000
  2.0821597e+000  9.6113919e+000  1.0000000e+000
  2.0770209e+000  9.1995105e+000  1.0000000e+000
  2.5349968e+000  9.1914764e+000  1.0000000e+000
  2.5547049e+000  9.8893179e+000  1.0000000e+000
  1.6146601e+000  9.1425805e+000  1.0000000e+000
  2.4889686e+000  9.0746637e+000  1.0000000e+000
  2.0376419e+000  9.6171046e+000  1.0000000e+000
  2.1129949e+000  9.1273667e+000  1.0000000e+000
  1.8685206e+000  9.3338295e+000  1.0000000e+000
  2.1327468e+000  9.4561645e+000  1.0000000e+000
  1.4187444e+000  8.9922780e+000  1.0000000e+000
  7.2196733e-001  9.2756222e+000  1.0000000e+000
  6.5717535e-001  8.9371933e+000  1.0000000e+000
  9.1268362e-001  8.6178802e+000  1.0000000e+000
  1.4545595e+000  9.3272852e+000  1.0000000e+000
  1.0571572e+000  9.1529709e+000  1.0000000e+000
  1.1344421e+000  9.0278678e+000  1.0000000e+000
  5.8341277e-001  9.4501668e+000  1.0000000e+000
  1.1388375e+000  9.2446005e+000  1.0000000e+000
  1.5021676e+000  8.9078184e+000  1.0000000e+000
  8.7381460e-001  9.2391258e+000  1.0000000e+000
  9.9181777e-001  8.9886856e+000  1.0000000e+000
  8.3510063e-001  8.7353660e+000  1.0000000e+000
  1.0394211e+000  8.9501264e+000  1.0000000e+000
  1.2226240e+000  9.3271372e+000  1.0000000e+000
  5.4907149e-001  9.7593477e+000  1.0000000e+000
  1.0591496e+000  8.8152044e+000  1.0000000e+000
  1.2775185e+000  8.9834582e+000  1.0000000e+000
  1.0718666e+000  9.1430936e+000  1.0000000e+000
  1.0518166e+000  9.1351667e+000  1.0000000e+000
  1.3900402e+000  9.2318382e+000  1.0000000e+000
  1.1562191e+000  9.3784730e+000  1.0000000e+000
  1.8253022e+000  9.3502303e+000  1.0000000e+000
  1.2382466e+000  9.1697483e+000  1.0000000e+000
  7.4392859e-001  8.8764387e+000  1.0000000e+000
  1.0734839e+000  9.2677771e+000  1.0000000e+000
  1.1491562e+000  8.8047029e+000  1.0000000e+000
  8.6974724e-001  9.5040020e+000  1.0000000e+000
  9.5811757e-001  9.3043183e+000  1.0000000e+000
  1.6079647e+000  9.1761492e+000  1.0000000e+000
  1.3020329e+000  9.1533152e+000  1.0000000e+000
  6.9775647e-001  9.0825227e+000  1.0000000e+000
  1.1366661e+000  9.0249020e+000  1.0000000e+000
  1.1781920e+000  8.8978378e+000  1.0000000e+000
  1.1428422e+000  9.1633406e+000  1.0000000e+000
  1.1184512e+000  8.7742690e+000  1.0000000e+000
  1.1565937e+000  9.1858931e+000  1.0000000e+000
  1.2400600e+000  9.4025951e+000  1.0000000e+000
  9.7541967e-001  8.8352308e+000  1.0000000e+000
  1.2361237e+000  9.1813578e+000  1.0000000e+000
  1.1069456e+000  9.4841371e+000  1.0000000e+000
  1.2950723e+000  9.2156637e+000  1.0000000e+000
  9.3306765e-001  9.2109502e+000  1.0000000e+000
  5.6741853e-001  8.9028789e+000  1.0000000e+000
  1.2191470e+000  9.4571912e+000  1.0000000e+000
  9.3556343e-001  9.0804147e+000  1.0000000e+000
  1.2282388e+000  8.9854942e+000  1.0000000e+000
  2.9430528e-001  9.3577353e+000  1.0000000e+000
  1.3375580e+000  8.9415312e+000  1.0000000e+000
  7.9353648e-001  9.3083030e+000  1.0000000e+000
  7.7032143e-001  8.9590962e+000  1.0000000e+000
  6.8899334e-001  9.3183055e+000  1.0000000e+000
  1.0962867e+000  9.8254073e+000  1.0000000e+000
  1.2564162e+000  9.0262374e+000  1.0000000e+000
  1.0248874e+000  9.0399393e+000  1.0000000e+000
  1.0715489e+000  9.0971217e+000  1.0000000e+000
  1.2908271e+000  9.2239052e+000  1.0000000e+000
  1.1852997e+000  9.3776843e+000  1.0000000e+000
  1.3362931e+000  9.2915078e+000  1.0000000e+000
  1.3559667e+000  9.1373585e+000  1.0000000e+000
  9.1709940e-001  8.9053112e+000  1.0000000e+000
  1.1844436e+000  8.9655797e+000  1.0000000e+000
  5.9475244e-001  8.9431307e+000  1.0000000e+000
  9.2702933e-001  8.8301003e+000  1.0000000e+000
  7.3384223e-001  9.6534143e+000  1.0000000e+000
  1.0386947e+000  9.0267525e+000  1.0000000e+000
  9.6114910e-001  9.1637402e+000  1.0000000e+000
  1.3015603e+000  9.2789594e+000  1.0000000e+000
  1.1920349e+000  9.1860614e+000  1.0000000e+000
  1.2088282e+000  9.3577968e+000  1.0000000e+000
  1.4114969e+000  9.3375271e+000  1.0000000e+000
  1.2587787e+000  9.4712829e+000  1.0000000e+000
  9.5437760e-001  8.8273809e+000  1.0000000e+000
  8.9237397e-001  9.2180561e+000  1.0000000e+000
  7.2112125e-001  9.3609564e+000  1.0000000e+000
  1.1679365e+000  9.2625433e+000  1.0000000e+000
  1.1897631e+000  9.2063676e+000  1.0000000e+000
  7.8236238e-001  9.5299159e+000  1.0000000e+000
  1.4395834e+000  9.3300364e+000  1.0000000e+000
  1.2904317e+000  9.3090237e+000  1.0000000e+000
  6.9949351e-001  9.2075149e+000  1.0000000e+000
  1.0636042e+000  9.1492662e+000  1.0000000e+000
  1.1872085e+000  9.3397496e+000  1.0000000e+000
  9.9761743e-001  8.9374837e+000  1.0000000e+000
  1.7058381e+000  9.1687663e+000  1.0000000e+000
  9.9919997e-001  8.7097069e+000  1.0000000e+000
  1.2430131e+000  9.4678865e+000  1.0000000e+000
  7.4468918e-001  9.5010774e+000  1.0000000e+000
  9.7197326e-001  8.9868345e+000  1.0000000e+000
  1.1516716e+000  8.9147135e+000  1.0000000e+000
  8.9749868e-001  9.0416943e+000  1.0000000e+000
  8.8914674e-001  9.0386634e+000  1.0000000e+000
  8.7458036e-001  9.2511711e+000  1.0000000e+000
  1.2354543e+000  9.0646506e+000  1.0000000e+000
  1.1969477e+000  9.4983927e+000  1.0000000e+000
  1.5882461e+000  9.4490095e+000  1.0000000e+000
  9.4741021e-001  8.9746268e+000  1.0000000e+000
  1.0753106e+000  9.4893772e+000  1.0000000e+000
  1.5134164e+000  9.2963365e+000  1.0000000e+000
  9.2451311e-001  9.2727631e+000  1.0000000e+000
  4.3245080e-001  7.2446766e+000  1.0000000e+000
  4.7123345e-001  7.5295101e+000  1.0000000e+000
  7.7031672e-001  7.6587587e+000  1.0000000e+000
  9.1366262e-001  7.5216890e+000  1.0000000e+000
  4.4976646e-001  8.2224666e+000  1.0000000e+000
  1.3204843e-001  7.7886659e+000  1.0000000e+000
  6.4306459e-001  7.4116781e+000  1.0000000e+000
  7.9018158e-002  7.5967926e+000  1.0000000e+000
  5.7833539e-001  7.5557389e+000  1.0000000e+000
  1.0543755e+000  7.0809635e+000  1.0000000e+000
  5.7436368e-001  7.9091256e+000  1.0000000e+000
  4.6375833e-001  7.9873396e+000  1.0000000e+000
  6.7261055e-001  7.9683350e+000  1.0000000e+000
  4.7681488e-001  7.6161669e+000  1.0000000e+000
  6.1731701e-001  7.6236121e+000  1.0000000e+000
  6.9981742e-001  7.9989166e+000  1.0000000e+000
  6.2427158e-001  7.7053948e+000  1.0000000e+000
  7.5501099e-001  7.6984118e+000  1.0000000e+000
  1.9565980e-001  7.3036572e+000  1.0000000e+000
  7.3698725e-001  7.3662097e+000  1.0000000e+000
  2.3339051e-001  7.7679172e+000  1.0000000e+000
  4.1388629e-001  7.8163668e+000  1.0000000e+000
  6.2225486e-001  7.5427305e+000  1.0000000e+000
  4.6939574e-001  7.8318186e+000  1.0000000e+000
  4.5873195e-001  7.9470877e+000  1.0000000e+000
  9.1411977e-001  8.1017658e+000  1.0000000e+000
  6.9433663e-001  7.0990573e+000  1.0000000e+000
  5.8799982e-001  7.7049097e+000  1.0000000e+000
  5.5350466e-001  7.8328025e+000  1.0000000e+000
  6.6887059e-001  7.7261532e+000  1.0000000e+000
  1.0330826e+000  7.5988813e+000  1.0000000e+000
  8.0793905e-001  7.5725609e+000  1.0000000e+000
  7.0308467e-001  7.5828638e+000  1.0000000e+000
  3.0305731e-001  7.4329470e+000  1.0000000e+000
  3.8104139e-001  7.7835450e+000  1.0000000e+000
  5.7720230e-001  8.3444045e+000  1.0000000e+000
  6.4077283e-001  8.1914085e+000  1.0000000e+000
  8.3263374e-001  7.6903857e+000  1.0000000e+000
  5.9885398e-001  7.7233379e+000  1.0000000e+000
  2.8061928e-001  7.7519863e+000  1.0000000e+000
  5.8114513e-001  8.0975230e+000  1.0000000e+000
  8.6871186e-001  8.0008506e+000  1.0000000e+000
  1.2327030e-001  7.8275439e+000  1.0000000e+000
  4.9090395e-001  7.5475445e+000  1.0000000e+000
  7.0885112e-002  7.4934708e+000  1.0000000e+000
  1.4584816e-001  7.7377787e+000  1.0000000e+000
  3.2932971e-001  7.7111759e+000  1.0000000e+000
  3.5392198e-001  7.2610509e+000  1.0000000e+000
  8.7372469e-001  7.3905166e+000  1.0000000e+000
  1.0748261e+000  7.7105944e+000  1.0000000e+000
  6.0172992e-001  7.2105227e+000  1.0000000e+000
  5.7305374e-001  8.0531817e+000  1.0000000e+000
  6.0347727e-001  7.5228782e+000  1.0000000e+000
  1.0942873e+000  7.6832077e+000  1.0000000e+000
  1.0368354e+000  7.6639868e+000  1.0000000e+000
  4.3431054e-001  7.5656439e+000  1.0000000e+000
  4.3753422e-001  7.8959917e+000  1.0000000e+000
  2.7402044e-001  7.9964140e+000  1.0000000e+000
  8.3128714e-001  7.4935813e+000  1.0000000e+000
  8.7680303e-001  8.1373869e+000  1.0000000e+000
  2.4512690e-001  7.9204093e+000  1.0000000e+000
  3.4722228e-001  7.3821695e+000  1.0000000e+000
  6.3178403e-001  7.6594531e+000  1.0000000e+000
  3.0605470e-001  8.2148492e+000  1.0000000e+000
  8.1664291e-001  7.7105626e+000  1.0000000e+000
  4.5320462e-001  7.6321694e+000  1.0000000e+000
  6.3336036e-001  7.3098788e+000  1.0000000e+000
  9.1391951e-001  7.6267221e+000  1.0000000e+000
  4.2686013e-001  7.3456948e+000  1.0000000e+000
  8.4872026e-001  7.9816315e+000  1.0000000e+000
  5.3142869e-001  7.7416836e+000  1.0000000e+000
  1.2020868e+000  7.6102813e+000  1.0000000e+000
  1.9657108e-001  7.1970437e+000  1.0000000e+000
  6.3273889e-001  7.6556162e+000  1.0000000e+000
  1.1285873e+000  7.6828541e+000  1.0000000e+000
  4.2688010e-001  7.7488884e+000  1.0000000e+000
  4.9705893e-001  7.7311761e+000  1.0000000e+000
  6.9594966e-001  7.9145643e+000  1.0000000e+000
  4.1336368e-001  7.8595040e+000  1.0000000e+000
  7.7147352e-001  7.7676354e+000  1.0000000e+000
  3.3938997e-001  7.4160010e+000  1.0000000e+000
  5.0452912e-001  7.8503434e+000  1.0000000e+000
  8.7315198e-001  7.8642103e+000  1.0000000e+000
  5.8031654e-001  7.8821982e+000  1.0000000e+000
  4.2520492e-001  7.8781820e+000  1.0000000e+000
  3.2863486e-001  7.4556390e+000  1.0000000e+000
  7.2693466e-001  7.4955349e+000  1.0000000e+000
  4.8958778e-001  7.8889860e+000  1.0000000e+000
  4.6318994e-001  7.5091248e+000  1.0000000e+000
  8.0272531e-001  7.5469616e+000  1.0000000e+000
  7.6677010e-001  7.7845700e+000  1.0000000e+000
  4.5979705e-001  7.6474120e+000  1.0000000e+000
  7.4578791e-001  7.6794739e+000  1.0000000e+000
  6.8066488e-001  7.4551060e+000  1.0000000e+000
  4.9786484e-001  8.2624697e+000  1.0000000e+000
  7.0499138e-001  7.7261074e+000  1.0000000e+000
  1.1341427e+000  7.8647484e+000  1.0000000e+000
  5.6586013e-001  7.8063464e+000  1.0000000e+000
  6.8772546e-001  7.5173239e+000  1.0000000e+000
  7.5155410e-001  7.9265764e+000  1.0000000e+000
  3.5037793e+000  4.8416738e+000  2.0000000e+000
  3.4119716e+000  4.2795792e+000  2.0000000e+000
  3.6694566e+000  5.1058035e+000  2.0000000e+000
  3.4561609e+000  5.6040716e+000  2.0000000e+000
  3.4272743e+000  4.9275381e+000  2.0000000e+000
  3.1862881e+000  5.1720080e+000  2.0000000e+000
  3.1502761e+000  4.8994946e+000  2.0000000e+000
  3.4210296e+000  4.7474700e+000  2.0000000e+000
  3.1133910e+000  5.0366421e+000  2.0000000e+000
  3.3702433e+000  5.1340676e+000  2.0000000e+000
  3.7168841e+000  5.2994320e+000  2.0000000e+000
  3.9837306e+000  4.7987439e+000  2.0000000e+000
  3.5371272e+000  5.0496207e+000  2.0000000e+000
  3.3420297e+000  4.6115499e+000  2.0000000e+000
  3.1175797e+000  4.9402392e+000  2.0000000e+000
  3.0205067e+000  5.2798816e+000  2.0000000e+000
  3.8416616e+000  4.8343818e+000  2.0000000e+000
  3.3129596e+000  5.0483363e+000  2.0000000e+000
  3.6870475e+000  4.9207835e+000  2.0000000e+000
  3.2354928e+000  5.0597123e+000  2.0000000e+000
  3.4995129e+000  5.0979524e+000  2.0000000e+000
  3.3711141e+000  4.9604204e+000  2.0000000e+000
  3.5796876e+000  4.8177563e+000  2.0000000e+000
  3.4657168e+000  5.3545005e+000  2.0000000e+000
  3.8155077e+000  5.0273805e+000  2.0000000e+000
  3.1646307e+000  5.2423049e+000  2.0000000e+000
  3.5175074e+000  4.6316335e+000  2.0000000e+000
  3.2752718e+000  5.1732905e+000  2.0000000e+000
  3.4693417e+000  4.7675845e+000  2.0000000e+000
  3.5018931e+000  5.1083922e+000  2.0000000e+000
  3.3055080e+000  5.2776259e+000  2.0000000e+000
  2.9834498e+000  5.1009822e+000  2.0000000e+000
  3.1584562e+000  4.8074075e+000  2.0000000e+000
  3.2652248e+000  5.2153414e+000  2.0000000e+000
  3.0900164e+000  4.7874731e+000  2.0000000e+000
  3.9797508e+000  4.7214390e+000  2.0000000e+000
  3.0068581e+000  5.0984740e+000  2.0000000e+000
  3.5148733e+000  5.1419734e+000  2.0000000e+000
  3.2395129e+000  4.9451097e+000  2.0000000e+000
  3.7000834e+000  5.1040164e+000  2.0000000e+000
  3.6213338e+000  5.2000822e+000  2.0000000e+000
  3.3367857e+000  5.3352413e+000  2.0000000e+000
  3.7065423e+000  5.1343766e+000  2.0000000e+000
  3.1604858e+000  5.3045834e+000  2.0000000e+000
  3.4823852e+000  5.0507772e+000  2.0000000e+000
  3.5901116e+000  5.1076032e+000  2.0000000e+000
  3.6344928e+000  4.7428747e+000  2.0000000e+000
  3.1413259e+000  4.4836625e+000  2.0000000e+000
  3.8841461e+000  4.8373132e+000  2.0000000e+000
  2.8444109e+000  5.0195505e+000  2.0000000e+000
  3.4994433e+000  5.0552458e+000  2.0000000e+000
  3.3930120e+000  4.9325810e+000  2.0000000e+000
  3.9907062e+000  4.4198189e+000  2.0000000e+000
  3.4382816e+000  4.9030072e+000  2.0000000e+000
  3.2710348e+000  4.8005930e+000  2.0000000e+000
  3.4309919e+000  4.5669801e+000  2.0000000e+000
  3.0988485e+000  4.7103521e+000  2.0000000e+000
  3.6550492e+000  4.9381286e+000  2.0000000e+000
  3.2613649e+000  5.2481208e+000  2.0000000e+000
  3.1835523e+000  5.0649257e+000  2.0000000e+000
  3.6785346e+000  4.6449111e+000  2.0000000e+000
  3.6323575e+000  5.2038592e+000  2.0000000e+000
  3.7514194e+000  5.1263574e+000  2.0000000e+000
  3.4236271e+000  4.3767047e+000  2.0000000e+000
  3.1274667e+000  4.9749951e+000  2.0000000e+000
  4.0584355e+000  5.1053052e+000  2.0000000e+000
  3.3972885e+000  5.4879823e+000  2.0000000e+000
  3.6649745e+000  4.7243197e+000  2.0000000e+000
  3.3255132e+000  4.9368743e+000  2.0000000e+000
  3.0600242e+000  4.7669972e+000  2.0000000e+000
  3.4878407e+000  4.7418572e+000  2.0000000e+000
  3.6078326e+000  5.0669035e+000  2.0000000e+000
  3.3943789e+000  5.1728267e+000  2.0000000e+000
  3.4265309e+000  4.7519343e+000  2.0000000e+000
  3.5304468e+000  4.6102437e+000  2.0000000e+000
  3.4395221e+000  5.2603623e+000  2.0000000e+000
  3.4900185e+000  4.9536123e+000  2.0000000e+000
  3.4655325e+000  4.8842274e+000  2.0000000e+000
  3.9493696e+000  4.9237791e+000  2.0000000e+000
  3.6476575e+000  4.7627111e+000  2.0000000e+000
  2.9967054e+000  5.2245706e+000  2.0000000e+000
  3.4739266e+000  4.7649230e+000  2.0000000e+000
  3.3994638e+000  4.7507673e+000  2.0000000e+000
  3.3305277e+000  5.3225280e+000  2.0000000e+000
  3.4219336e+000  4.8954419e+000  2.0000000e+000
  3.2982330e+000  5.0424054e+000  2.0000000e+000
  3.1234056e+000  4.8980847e+000  2.0000000e+000
  3.0041821e+000  4.6510564e+000  2.0000000e+000
  3.5321908e+000  5.0096110e+000  2.0000000e+000
  3.2889508e+000  5.2069039e+000  2.0000000e+000
  3.5947367e+000  4.4482735e+000  2.0000000e+000
  3.4205301e+000  5.1169716e+000  2.0000000e+000
  3.3471743e+000  4.7242097e+000  2.0000000e+000
  2.9382143e+000  4.8846310e+000  2.0000000e+000
  3.6061564e+000  5.0860122e+000  2.0000000e+000
  3.4857346e+000  4.9770227e+000  2.0000000e+000
  3.7834996e+000  4.6628314e+000  2.0000000e+000
  3.8144316e+000  5.0124521e+000  2.0000000e+000
  3.3900683e+000  4.9097898e+000  2.0000000e+000
  3.2005934e+000  5.3655256e+000  2.0000000e+000
  3.9746907e+000  3.7739750e+000  2.0000000e+000
  3.3745576e+000  4.4341073e+000  2.0000000e+000
  3.4004289e+000  4.2891317e+000  2.0000000e+000
  3.7831748e+000  4.3725976e+000  2.0000000e+000
  3.6481909e+000  4.4849335e+000  2.0000000e+000
  3.6057292e+000  4.5203776e+000  2.0000000e+000
  3.1559729e+000  4.5099142e+000  2.0000000e+000
  3.2744398e+000  4.1608947e+000  2.0000000e+000
  3.7751629e+000  4.6691173e+000  2.0000000e+000
  3.8879430e+000  4.4216120e+000  2.0000000e+000
  3.0189378e+000  3.8228046e+000  2.0000000e+000
  3.3336439e+000  4.3109549e+000  2.0000000e+000
  3.7578763e+000  4.1031996e+000  2.0000000e+000
  3.6719599e+000  4.0068505e+000  2.0000000e+000
  3.2152466e+000  3.9640461e+000  2.0000000e+000
  3.2768789e+000  4.4757933e+000  2.0000000e+000
  3.6647417e+000  3.9035223e+000  2.0000000e+000
  2.9002951e+000  4.5650072e+000  2.0000000e+000
  3.9660809e+000  3.8621277e+000  2.0000000e+000
  3.3102673e+000  3.8819933e+000  2.0000000e+000
  3.4214834e+000  3.9491194e+000  2.0000000e+000
  3.6986324e+000  4.2361068e+000  2.0000000e+000
  3.5502557e+000  4.1544103e+000  2.0000000e+000
  3.3839699e+000  4.1980520e+000  2.0000000e+000
  3.3659860e+000  4.1168218e+000  2.0000000e+000
  3.7614082e+000  4.1264410e+000  2.0000000e+000
  4.2666495e+000  3.8496882e+000  2.0000000e+000
  4.0495708e+000  3.4363078e+000  2.0000000e+000
  3.3589094e+000  4.2649110e+000  2.0000000e+000
  3.2937162e+000  4.0497188e+000  2.0000000e+000
  3.4898745e+000  4.3984191e+000  2.0000000e+000
  3.4932284e+000  4.4156491e+000  2.0000000e+000
  3.6318236e+000  4.5177599e+000  2.0000000e+000
  3.5010839e+000  4.4549660e+000  2.0000000e+000
  3.5412392e+000  4.2021890e+000  2.0000000e+000
  3.0611790e+000  3.7198376e+000  2.0000000e+000
  3.7804947e+000  3.9246936e+000  2.0000000e+000
  3.7216659e+000  4.1336796e+000  2.0000000e+000
  3.8178236e+000  4.3118555e+000  2.0000000e+000
  3.7158523e+000  3.9254073e+000  2.0000000e+000
  3.4757334e+000  4.3047669e+000  2.0000000e+000
  3.4083347e+000  4.3862556e+000  2.0000000e+000
  3.5415091e+000  4.2087064e+000  2.0000000e+000
  3.4603406e+000  4.1716739e+000  2.0000000e+000
  3.5520702e+000  4.2582838e+000  2.0000000e+000
  3.6023256e+000  3.9296183e+000  2.0000000e+000
  3.5062883e+000  3.9048373e+000  2.0000000e+000
  3.5222777e+000  4.1250264e+000  2.0000000e+000
  3.5807820e+000  4.1690535e+000  2.0000000e+000
  3.0924102e+000  4.3861880e+000  2.0000000e+000
  3.5768962e+000  4.3943481e+000  2.0000000e+000
  3.6693546e+000  4.2572101e+000  2.0000000e+000
  3.2308064e+000  4.0759548e+000  2.0000000e+000
  3.3027044e+000  3.8656417e+000  2.0000000e+000
  3.5248646e+000  4.3068646e+000  2.0000000e+000
  3.3826470e+000  4.2846574e+000  2.0000000e+000
  3.6191156e+000  3.7858857e+000  2.0000000e+000
  3.3630493e+000  4.0828266e+000  2.0000000e+000
  3.0505535e+000  4.0645909e+000  2.0000000e+000
  3.4097166e+000  3.8385267e+000  2.0000000e+000
  3.4828366e+000  4.1219081e+000  2.0000000e+000
  3.6480886e+000  4.0168435e+000  2.0000000e+000
  3.3238863e+000  4.4821823e+000  2.0000000e+000
  3.6188187e+000  4.3756159e+000  2.0000000e+000
  3.8762950e+000  3.7639472e+000  2.0000000e+000
  3.5914592e+000  4.1165773e+000  2.0000000e+000
  3.9137858e+000  4.0558204e+000  2.0000000e+000
  3.2600973e+000  4.2916956e+000  2.0000000e+000
  3.3840241e+000  4.3270774e+000  2.0000000e+000
  3.2930027e+000  4.1720620e+000  2.0000000e+000
  3.1671065e+000  4.4094117e+000  2.0000000e+000
  3.4928077e+000  4.2381407e+000  2.0000000e+000
  3.7053859e+000  4.1702674e+000  2.0000000e+000
  3.1567051e+000  4.2812508e+000  2.0000000e+000
  3.3913113e+000  3.9982637e+000  2.0000000e+000
  3.8526366e+000  4.4157289e+000  2.0000000e+000
  3.6024838e+000  3.7249058e+000  2.0000000e+000
  3.3273045e+000  4.6276819e+000  2.0000000e+000
  3.3814001e+000  4.1617070e+000  2.0000000e+000
  3.5141624e+000  4.2372941e+000  2.0000000e+000
  3.3139277e+000  4.4733303e+000  2.0000000e+000
  3.2320557e+000  4.2975046e+000  2.0000000e+000
  3.7636705e+000  4.2502004e+000  2.0000000e+000
  3.5787743e+000  4.3017047e+000  2.0000000e+000
  3.0420851e+000  3.9547517e+000  2.0000000e+000
  3.9102157e+000  4.7812786e+000  2.0000000e+000
  3.6352670e+000  4.2489151e+000  2.0000000e+000
  3.2461946e+000  4.3969308e+000  2.0000000e+000
  3.5209369e+000  3.7893643e+000  2.0000000e+000
  3.7880650e+000  3.5820858e+000  2.0000000e+000
  4.0387961e+000  4.2258209e+000  2.0000000e+000
  3.4174666e+000  3.9883145e+000  2.0000000e+000
  3.9955693e+000  4.0487419e+000  2.0000000e+000
  3.4962569e+000  4.3255114e+000  2.0000000e+000
  3.2949371e+000  4.6475529e+000  2.0000000e+000
  3.4038806e+000  4.1959588e+000  2.0000000e+000
  3.4056171e+000  3.8657184e+000  2.0000000e+000
  3.6532574e+000  4.3326249e+000  2.0000000e+000
  3.6442594e+000  4.5513182e+000  2.0000000e+000
  3.7144157e+000  4.0102751e+000  2.0000000e+000
